,0,1,2,3,4,5,6,7,8,9,10,11,12,13,14,15,16,17,18,19,20,21,22,23,24,25,26,27,28,29,30,31,32,33,34,35,36,37,38,39,40,41,42,43,44,45,46,47,48,49,50,51,52,53,54,55,56,57,58,59,60,61,62,63,64,65,66,67,68,69,70,71,72,73,74,75,76,77,78,79,80,81,82,83,84,85,86,87,88,89,90,91,92,93,94,95,96,97,98,99,100,101,102,103,104,105,106,107,108,109,110,111,112,113,114,115,116,117,118
0,0.0,-1.1413664711678695,-1.665314933532287,0.8219732034278557,0.007605307591166576,0.3356149665364521,0.2533294278314808,-0.08077374973897501,0.34830418622480724,-0.18899030620598145,-0.18483324526569753,1.7387638651168635,-0.25667750626598207,-0.8280498704071194,0.5183723753146612,-0.48401682920230416,0.561667136955806,-0.9677097749112373,0.056445717582123904,-1.3557855172675284,0.41733439838919134,-1.9736069006983687,-0.5970608602041506,-0.07713475239275921,-0.12106549063678929,-0.6405614497781232,0.07358140271490007,0.5573596246654786,-0.671414587861036,2.0676201433627317,0.22334215395652246,-0.02198274312988068,1.20392747401553,0.2213992595366687,0.9527421037367184,-0.6201458729200895,-0.9002497298183467,-0.5988316766084318,-0.7502281986024193,-0.7689923302876696,0.07852036191037921,-0.610711512561656,0.4071351898989203,-0.180394411262146,1.734873457329186,-1.4203804380846334,0.9907760304145394,-0.4864098634501212,0.13114620239726743,0.2335291162180361,-0.1704903034696282,-0.849315921599885,-1.2775996660784004,-0.8801361994763208,0.08207027086204834,-1.9166823980677488,0.4704350078824697,0.959094780114674,1.1127771709428202,3.2612016518361377,-0.6752910135563461,0.4239018323697539,-0.6793151102609787,-2.542274257652129,0.4576130744889027,-0.18828163152667643,1.6824528832961625,0.9419591219774804,-0.5014143103016389,-0.8821294118686228,0.1421801937339657,-0.13880008190085494,0.4201775284038095,2.267863610311025,-0.15557447819517686,-0.18987015072767968,1.8914687107312969,0.9941557280821799,-0.5880811463963134,1.1576678983140858,-0.296815779774813,-1.420714960139976,1.2033001265658025,-0.09353092378584993,0.11546353463329133,-1.5106839393705866,-2.429361823938393,-1.6515483421623969,-0.7030873073902042,0.42731804698365117,-0.03430343969327425,0.5824232302313583,0.41426818205455557,-0.11274545406356414,-0.0958567017895452,0.7937291233098347,0.6484548890837667,1.7057179619971763,0.23606379387368034,1.1654908112216034,-0.002555564964418015,1.3067145758722039,-1.0637859868842594,0.9775067337247028,1.591599779723951,-1.1022385180267338,-0.3502529287172466,1.951533341858221,-0.7770104337193817,0.2627586742093788,-0.4598575265944293,-0.3413106146772196,0.12129351332332487,-1.8152909434493834,2.1326360685545787,-1.434613849401163,0.31327164002123437,-0.18271081898534564,0.02607327327987654
1,-1.1413664711678695,0.0,0.1688719072478416,0.5453941472318631,-1.670492308164642,0.5671296202960835,0.04831150774078711,-0.6216305459317082,1.4763849800814053,0.7898125236413661,-1.3892782579012708,0.5182058949092067,-1.5876018253450268,-0.543944887922992,-0.22682627366880995,-0.5954731371735894,-1.0231588581114412,-1.145204097192621,-2.632917492832145,1.2867929406058443,-0.06607379814114638,-0.5797692497889116,0.37726279284065234,0.33139978943847637,-0.8780693883679428,0.9846843004732776,-0.038903851407176816,-1.8710945816979139,0.18067671009378425,0.5371162276009718,2.6044257618393094,0.4432505662182304,-1.1313376093692535,1.1824320973833369,0.02036309767268089,-0.36909261500592205,0.2169572862952525,-0.8843375880414676,2.5335312379835657,-1.714795696934005,-0.4942122509377112,-1.6814754572435489,-0.28002353286479464,0.8785180837313922,1.5907315698662747,-0.006550735399875901,0.156853082277013,0.5397100746885002,0.24229233968729982,-0.09250205138445314,0.8876387362269867,1.068815233454674,-1.7211007618469962,-0.08092334151754249,-0.35798955445010067,-1.7388440733888737,1.2143275805365783,-0.7883894179410275,0.28471484222655363,1.5134472627098416,0.5644639275239539,0.23662104811330445,-0.3206516337248689,2.029285038053032,-0.9735032694283526,-0.4875996429699795,-0.7473448093197924,0.827874656794242,0.558943345074368,0.4210076324944117,-1.52138733165645,-0.004666236044212519,1.0125004258204786,1.2106974195031406,-1.6093415387435623,0.026876555208250847,0.7497023080695652,0.26113073848109014,-1.0209583171484184,0.804822818905666,-1.542664686737278,0.8579406959947905,-0.13703252955404271,1.4437843511782742,1.0932901710723397,-0.06759078755792826,1.241038119463588,-0.3354712193124373,-1.4006136204876707,0.14654667175959474,0.1422355207666133,0.7838892024587829,-0.2434033622711277,-0.8427223291084295,-0.6577926090205867,-0.5184781412435836,0.03781836293760194,-0.850815637361531,-0.46353054061266896,-0.1520495302828288,-0.7325065672342617,-0.5237599429055867,2.0648889956878778,0.22881316840967342,0.8025950973678329,0.7445739896200617,1.7518259207803661,-1.1929985923584534,1.0506907154017238,-0.18245331090282926,0.6748946722601802,0.044206751162354105,-0.40873103236974884,0.10376275368000197,1.0271645295507665,-2.155044625654858,-1.0477023985338427,-0.32901324961670486,-1.3262462670870967
2,-1.665314933532287,0.1688719072478416,0.0,1.4819171916806084,2.0302873262129704,-0.9577518868662508,-0.8616561707017818,3.3535494471280223,-0.5123806530525925,0.1995961991249208,0.2005145587949725,-0.874631891285656,-0.6393607572067312,0.3221561018708416,-0.32918227435128516,0.006869971975806312,0.012999461810940345,0.22769647850924069,-0.4162462117875843,1.8360026166767955,1.0671821343961763,0.06718585177448733,0.07234706071668463,0.6910959454098661,1.6736445764314327,-0.3575805621951082,-0.41214974018028583,-0.8897735196397379,-0.4026732667064306,1.3368220140586262,-0.015740937546730654,1.445239422214451,-0.24708173828227936,-0.2707726973998142,0.03706795283786132,1.3117289864282426,-0.021303449105877583,1.874900390440665,1.3247568992773011,0.545218266080435,0.5950465925764671,-0.07343528396471247,0.5440456548791663,-0.8777980259223258,0.578870826805175,-1.0635541514771036,0.24938778106180873,2.48606065991107,-1.0813451415282391,-0.56048881763355,1.74178945478382,-0.3831517764712763,0.3894533412546306,-1.362309756040204,-0.4952099476352375,0.03315930620609835,-0.15868531804828584,0.5859859942846297,0.3388356765041488,-0.5678561545947293,-0.20980975350912381,0.7289775251703053,1.1638229257341222,1.3190630631640814,1.0693489244694196,-0.3980687586954323,0.3532533093397032,0.1044240032274419,1.5236702216162266,1.445034965593084,0.5411264393924181,-0.8215014412328585,-1.380397253606509,-0.38045407664320613,-0.5545157377089435,-1.1755265058594908,0.5229785013677026,-1.7225557721408147,-0.32911019708277073,0.9592150296941585,1.3969388561181861,-0.7680339903606931,1.8124772365929969,-0.37401373618821165,-1.0916406539983141,1.7900715752749325,0.7914629497334691,-0.48797167415440734,-0.04589087708939051,-0.668987757046391,-1.7139910946563959,-0.1520578264249212,-0.13598916942771652,1.2110676942481289,1.256173436618726,0.1852891993522824,0.042163150602379906,0.5126941315546597,-0.4988632658988416,-1.6851198777622676,-0.4612396517750939,0.5925067377416684,-0.16136582018270565,-0.9036044177189956,1.4077707892162712,-0.42866316776408747,0.5878169437960308,-0.44282448712475586,-0.4721193975081894,-0.7426213908905187,-0.01992614421616115,0.059418447138217464,-2.3675688888484063,-0.7203949094965271,-0.8394610005131732,1.1337121027384887,-2.188739815688383,-1.6779311816699494,0.18760446712850956
3,0.8219732034278557,0.5453941472318631,1.4819171916806084,0.0,1.0336035788461169,0.47969930800508687,-0.30338598599715527,0.6843196627322143,-0.2535965333677683,0.08150979870606036,-1.312819540803978,2.216181029027994,-1.0077058911685897,-0.2966629177142386,-0.3891430274699088,-0.12587135904120572,-0.3087079561453862,1.9338837112711245,0.08749581859899758,-2.382165022386582,-0.5839136714964046,-1.0550300041653666,1.8407066300382318,-0.10281639839720852,0.007015714206882668,-0.11010331562097511,-0.3226771294746886,0.03498067916666771,0.06721567893122128,-0.05193695705173175,0.5323013004375606,0.8100777117614023,0.6757810459066915,-0.8328674594354047,-0.473861747273592,1.7274767018188266,-1.3521578358502233,-0.11862062771577225,0.34854715709722695,0.04029828906148459,0.2623104817445502,0.7166729768302237,0.12434064976719791,-0.3343057296869955,0.24025134418030908,0.2797937877373806,-0.9076739280935167,0.9058971525138579,1.2291425955663386,-0.12175274837833999,-0.14286071001853862,1.2223477626930346,-0.4679752445629542,-1.1472596543759797,0.9783173510426662,-0.4164314204926772,-1.623907853710825,-0.45789820400359815,1.5252547633639493,0.5790002546551877,-0.5611820075843662,-0.15918774583494205,1.0475545264389585,0.5286400267273922,-0.6252692970613017,0.08667806874155792,0.48625390567348004,0.06336684092832652,-0.3533973740941392,0.6583642820403593,-0.6004519375895319,-1.9987900526051225,1.0209577093227904,-0.5541865585361999,0.9718246960512789,-0.34800107001918196,0.26201026723535803,-0.44372244383494086,0.7422748860974501,0.056519842272839044,-1.1840654839316924,0.9963413871377728,1.8576623690730059,0.09876518122179394,0.061865504452013685,-0.6140723578082571,1.8511496049417793,-1.8152561346302347,0.472331790362252,0.4788937333968714,0.511278513713977,0.23484862759623476,0.7077792835565472,-1.2695480902386624,0.46477882656236974,1.7021674495371304,-0.1005722490400218,-0.43193586125506134,-1.0239226934390393,1.0101836420980828,-0.9171247473370648,0.8516462280415604,-0.3954206992266515,0.04935976694347681,-1.6635776886392881,-0.2509240586841987,0.6903941965262483,0.6948924472776572,-2.034643132480304,0.9649286244633252,0.46652263102631447,0.6545678063604836,0.7124917136675716,-0.3695423063753177,-0.10052417480024065,-0.7142736449010237,-0.7446754371156088,0.05115494353739985,0.8577718589654119
4,0.007605307591166576,-1.670492308164642,2.0302873262129704,1.0336035788461169,0.0,0.6788396812751551,-0.23699460921233448,-0.21703770086615098,0.6766248870608265,0.1212382797451859,0.5398383471690466,1.0497622095614438,-2.460281406044149,-0.857221257341845,0.04910891991605106,1.4780891144281227,-0.09647023035437105,0.5042633209590672,0.5605968896102898,0.006427408469402791,-0.2820917852901429,0.9811404320733921,0.9525358178429568,1.7360063906763323,0.5754247152405798,-1.584031335835561,0.9375093055640664,-0.8214452293045803,-0.13606808094533376,1.1905149047067405,-2.5618134997981805,0.8053726128527313,2.7343062805106997,-0.3560445419591459,-0.4633860505777336,-0.038789488461464135,0.7090251686571342,-0.7352024213239882,0.6416720232396755,0.5770043336053706,1.0246062977581458,-0.873678586866625,0.7545512496580707,0.824195347583552,1.1577364670680181,-0.962674223261062,-0.6208512648469282,-0.24848865725305672,1.2651681812586129,-0.04962534205262234,-2.088961415150089,1.75975108044778,-0.22978767203411482,-0.4927637427678196,-0.505037084514272,-0.4692756941681536,-0.5569610245362627,0.31175710317861716,0.21378186602247296,-0.15265902837555653,1.2737298614837627,0.37595034331717136,0.17303473555776122,1.572480511213355,-2.650616309054951,-0.9202854158372572,1.0640426216163104,1.016334600399,1.7133828788121057,-0.7759982230300834,-1.0656002615052298,1.2461818585220805,0.5354202102985244,0.2459464790402212,0.2802343948682119,-1.5912249979950253,0.8299984001869988,-0.25516594780811835,0.41672397497465946,-0.6234853851218094,-0.7079525965172444,0.15048573551079036,1.1823705686223607,-1.2254722223083792,0.2632904045672968,1.3586398544909986,-1.1615333038405067,-0.12196373101797933,-2.3024092855926863,0.7626070209124266,-1.0506024443337847,-0.9621991443466287,0.31370541496426285,-1.9870378074734165,-0.6077732477824825,1.993908811495168,1.3202965560455862,-0.47128933067365203,0.12587194700145793,-1.8008079206648113,0.3892657668311045,-1.7999388099877467,2.6269400258305313,0.5203877563603878,-0.7607663309199597,-1.5888833188595601,-0.06819067039444142,-0.8165522639112905,-1.1748953588049877,-0.8702432719853868,-0.24645355292213098,2.0972854099647686,0.5854262557314918,-0.27908618411428676,-2.0868844240567213,-0.7915719364594829,0.5786628389836539,0.06537093285254711,-1.2993023524431249
5,0.3356149665364521,0.5671296202960835,-0.9577518868662508,0.47969930800508687,0.6788396812751551,0.0,-1.017386335951051,-0.0523399229589224,-0.4458626598360701,0.4783462786188479,-0.17963810122000537,0.19891504471495003,-1.0470311154818381,1.316918292402102,0.1844571227229521,0.7734467529756375,-0.09015342552389656,0.7157027845285037,-0.03800309898909057,-0.9520840847186526,1.9804253765472661,-0.6293447219915242,-0.5722653894660588,0.9504762776056147,-0.45403678335617487,0.35880134656676455,0.9610337545564838,-2.0586148408903657,-0.33067934005388294,0.757441347521656,2.0220287115055453,0.3566465306467462,0.7789737931008804,-1.449989000391673,-0.5207051416685505,-1.2127186923709217,-0.7141831202527865,0.38741075883355963,0.3675738767346485,0.530029124128509,-0.9144575285285882,0.4994959591030893,-0.24037390545202808,-0.8489360335021702,1.1285285582595332,-0.32020294669473814,1.3380257109008205,-0.08774797293534059,-0.40389431965317607,-0.41718698042615454,0.658450338117673,-0.18523078897392117,0.9770193676342833,-0.6886134330147733,-0.42276377469716253,-1.4143043914257512,0.8815376472668369,2.5592741555517304,0.32530804751585324,0.3954097004964874,-2.0681920394853406,0.17416687379140397,-2.3299757286789897,-0.18285508672497164,-0.8829063488882668,-1.211678875625448,0.4492113823469647,-0.5970027061329873,1.2590973403876153,0.6824116628592437,0.6894960788614792,1.2124550551978184,-1.0374574356858526,1.80734510610746,2.4601478915506174,-0.43106113170625016,-0.90814308377551,-0.625633348483503,-0.13167289189789583,-0.36276825448168204,-0.9966025793418676,-0.24513319768404515,-0.6920215307819431,-0.21706158074756576,0.8992899813206232,-1.6220982767031529,-0.7369264196340181,1.194683405298665,-0.49455707425958945,0.043028840456184415,-0.006141993289159716,-1.2406948404735798,1.7933922369958575,-0.47080137883158407,-0.6391918721340828,-0.2694319883481576,-0.06519866217275365,-1.0453805302225245,0.5021326804759283,-0.24503253846184214,-0.5997837965969292,0.27100951951536617,0.7001995268209039,-0.6682033923327617,-1.4854221603535265,0.6452359738032013,1.915271559549205,-1.0328109366704223,-0.03159068540671816,-1.5958046832853643,0.13278491864092565,-0.4815625758819928,-0.07295308102446746,0.5004270005505036,0.9292986275243154,-0.9941935816813534,1.5276823199795604,0.6855353136086386,1.1530521742867634
6,0.2533294278314808,0.04831150774078711,-0.8616561707017818,-0.30338598599715527,-0.23699460921233448,-1.017386335951051,0.0,0.951116479427284,0.895072829879284,0.02697992775787472,2.406307310535556,-0.9676813365314906,-0.21643114134428346,-0.10974360198345987,0.17064572880207807,1.0753917316844328,-0.1262327022001038,-1.2034788259898739,-0.5285187057303298,-0.9739244491515391,0.2309924832469368,-0.6922291384671772,0.7727414549803586,-1.1515568176551318,-0.6181545348317999,-0.46044389390326035,0.4253242393837907,0.3887130353132911,-1.2713512635074549,0.8088482036762465,-0.32970502778932687,0.38568001912151256,1.0870658564783522,0.34754679595458765,0.3398526244521759,2.607519189216399,-0.8545413778212656,1.2278021652449065,-1.0405939586688113,-0.263479978647853,0.8544675286710766,1.5589694064560202,-0.4446404753925579,-0.46152173570944355,-0.5555780452716055,0.31861930439878117,-0.02503200732249796,0.2329522962674484,1.0001282865212957,-0.262527192118204,-1.6988788631187592,0.7214373762644039,-0.6749352523073862,0.7936250889569633,-1.3274912417906404,-0.2742651340530073,0.004085397133666798,0.19527751432789617,0.5718563848809347,0.8152330166406494,-1.0551091912215367,-0.11170913651991239,0.1784902067681071,0.6937284998659979,-1.6534155001853783,0.44087444964469347,-0.8030869368746003,-0.06985299117144998,1.168530579033146,-1.7926799130930908,0.9009317096853198,0.3911096017208467,0.6163282804847147,2.564654602477971,-1.613387350486536,-1.3111460582432157,-1.0047327187140882,-0.3002543673441556,0.390210030918041,-2.3421719899158067,-0.7721163713405027,1.6666428501514006,-0.5575109068581745,-1.0971690211461322,1.5148052581320919,0.6056942867678605,0.5396963007074582,-0.4882417850284013,0.7325171255903751,-0.8920551225831744,-0.5887020428751945,-1.2303257432799621,0.12169811700753441,1.1947277027370151,0.5135998793006624,-0.9929620403703106,-0.5006434560273004,-1.1858052482591304,-0.1409529150386321,-1.4193733899784067,0.19877140621776543,-1.0920510869138824,0.09032419542657741,2.203598786365341,1.2882203757095545,-0.8051539389342196,0.393667379469631,0.15127612989185,-0.4038814690578848,-0.8192117475194001,0.6991095500597294,-1.0655202388757974,-0.9659357342154218,-0.5104923510826578,0.9038426550054652,0.18087161770918248,0.4886358290915624,1.3008666379704734,-1.0939659758649933
7,-0.08077374973897501,-0.6216305459317082,3.3535494471280223,0.6843196627322143,-0.21703770086615098,-0.0523399229589224,0.951116479427284,0.0,-0.2876421418523666,0.9655983104046636,0.03301274522715976,-0.5930559841983567,-1.273212561840574,0.4572111418948023,-0.5023378992196884,0.7843679237335865,-1.409119743666498,0.9430469295921355,-1.5849792405151082,-0.5847109241771212,-0.4820039258390224,1.1426654267957816,-0.31279755776982476,3.2310465276658618,-0.009216717649901882,0.5405971671482132,0.8332038045771187,0.3180825711134508,-0.7074826984963635,0.6263532089085114,-0.41495911017151743,-0.9938154712281587,1.0824700950578199,1.463595587666947,0.7622072366751302,-0.6753896364415662,-0.07616216686354388,1.5828174887315443,1.5537228372387801,0.9656034797746885,-0.643814438915033,0.6870551355390444,-0.4934902096537059,1.2003915693548726,0.27484484964910394,2.25402772609102,-0.6268041591586042,1.0054877762964838,0.6239349418332537,0.6429573396219289,0.6232946408689671,-0.9893701368265264,0.3339688106926926,0.2986463854372271,-0.5412440544942688,0.7888839672632062,-0.9506542546212136,0.92096799561318,-2.0314133287415883,-0.24643894182406093,-1.3249350186567952,-0.3598241612462613,-0.24178637560596347,-0.13580158801347458,0.6248584286708347,-0.043271478465269714,-0.18962517754395788,-1.2109895220044744,-2.5306612371963135,-1.7182441849984909,1.1043605001737318,1.126462467749486,-0.444331192746784,-0.41391868570282664,-0.9983275731820003,0.35686310468205246,1.8853316803278763,-0.2548119168293449,1.295399673267814,0.21171204496834156,0.15082857249672513,0.526482999596533,-1.451236520504044,1.1316188204012059,0.3821122299517773,0.3330465238076291,0.49888933005749087,-0.9602035301787768,0.34171100575598107,-0.16751352808546577,0.530995572395263,1.7338345178752506,-0.014578364420169743,1.3450141484362732,0.37219076962264463,-1.3238214699346609,0.6244815360404768,-0.7185555442094456,-1.9727413797845836,0.6870301561293921,0.7717821928255487,0.6320631718059864,0.7173055573280536,1.8622472162810462,-0.7647671362933961,-0.5068135394858608,-0.16108687991263856,1.4592352448853436,-0.9086196769313312,0.9770910688944264,0.43919454496694377,0.12794481319920803,-1.3174463443098907,2.0515599690739603,-0.4676845146085559,1.8677780421993946,-0.6595577304021996,0.13860299357426992,0.7376192021390556
8,0.34830418622480724,1.4763849800814053,-0.5123806530525925,-0.2535965333677683,0.6766248870608265,-0.4458626598360701,0.895072829879284,-0.2876421418523666,0.0,0.8383652163804105,-0.9533083839765191,0.4346490147268196,-0.870928805244265,0.7993325680956929,-0.20068988356238426,-0.5758212887327445,1.26757158724008,-1.9168499526386875,-0.8965074209374199,0.09189185297013554,0.7839362003007431,-0.3628985635742399,0.20953564332961755,-0.7842738310558899,-0.40884749344399174,-0.4285991668984339,1.8576082157149576,-0.421003438786459,-1.216494703145546,0.3057609698710169,2.001403045327995,1.2371327800010121,-3.135320233331436,0.01760660479697216,0.841451477054308,-1.134165100759048,0.04164756504710798,-0.070006868469815,0.08545477221464368,1.3311296757774922,1.7415018267245306,-0.15274054963589867,-1.5273907553811081,0.34641841638114834,-1.9199542763878574,0.09914616043081115,0.6185433190695732,0.6902940198675401,-0.9844814653804466,-0.30641841625068655,-0.15308636648487567,0.6442935026325228,0.06072981552676122,-0.9665046097479054,-0.30388032941408294,-1.8537158269943792,-0.8638522010789347,1.0680545806200001,1.6601087140219875,2.0401913228398136,-0.8960696125544958,-0.8049927249810819,2.011309187353493,1.2021884795283317,0.54213261494763,-1.4715759782825801,0.4671722066801588,0.3175782517146345,1.435457421424902,0.7188282250696516,-0.8726096305465539,0.7754388304638812,-0.2981639145554801,-0.8442018440369723,1.2541886223702914,-1.193182554594394,0.2520951032102127,1.407072174164429,-1.43550413291904,-1.1156954241273407,-1.4322617788834908,-0.7945670765457842,1.5266907513020518,0.7979296234062818,0.018543863017325832,-0.06286220063021972,-0.7878043859856901,-0.3652488226842513,0.31116605051295465,-1.1845955623631483,-0.6270936131920044,0.3822979045107959,0.194763248248452,2.0133913430729806,-0.5382587963275265,-0.782252549355146,-1.0777862025316307,-1.6118145765621459,1.136321109071321,-1.734808423140391,0.9355455958177865,-0.6929452107781556,-0.7727209173299072,-1.142902256035143,0.8327284945498227,-1.1511930077989367,0.7529103051193945,-0.7385767123260626,-0.3969493285220666,0.009970810276368721,-0.4676460948097531,0.8055330361209412,-0.319096911061651,1.002636736182008,0.9822512891512704,-0.8309128209261951,-1.8336974568961903,1.4841489236645118,-3.3876879333611654
9,-0.18899030620598145,0.7898125236413661,0.1995961991249208,0.08150979870606036,0.1212382797451859,0.4783462786188479,0.02697992775787472,0.9655983104046636,0.8383652163804105,0.0,0.458478248878429,-0.10202237754591256,0.12891346300797163,-0.6286108441566205,-1.5471939792169984,-0.5724685588523553,0.9958287733829496,-0.9266141736074186,1.9186495370392938,-0.8864693551535529,1.8212018732850523,1.304023314258174,0.1302599098698056,1.6792226744081917,-0.045011182544286696,0.9702502707440311,-0.7666118170042818,0.23546198051059808,0.23658547100428143,1.674239296865717,1.5227680013363343,-0.5859263437734509,-1.9452320954807525,1.7526902572859036,0.6746389002786921,-1.2023731424289636,0.6592636276681494,-2.165800757404078,0.03780956485358826,-0.7223064822666879,1.3243080887489673,0.8149240914270713,1.7313650278570303,0.3910328426972539,-0.8753111415448785,-0.6885544303600318,0.1505465472038677,-0.4522397330261736,3.1934016868837176,1.0697094808129122,0.08452092532583264,-0.31940506366187904,-1.0090239578713627,1.524806428928535,-0.25685150248721683,0.3964848054996165,0.7118674980294482,0.11836448506965554,0.04388527706440578,-0.9804657775375909,-0.7073233682887488,1.2397080124253799,-0.889506103917408,0.4161694410177066,-0.4002696992693461,-0.8800528533583296,-0.17690459122909105,-1.7957523875561106,0.6386936359658045,0.1989423843811622,0.6433942460287264,1.195583573819756,-0.11948425296180887,0.12703198302656696,-0.07541029146479253,-0.8425160277216766,-0.06692178377319662,-0.6961741711654548,0.12599134138502568,0.10680778156218818,1.4181096467201628,2.552999116106542,-0.6199836886788458,0.7162159792196374,-0.1457928249020637,0.6524141231230546,1.2816754364810565,0.6360763059859464,1.2801882848588833,1.7020248252143544,1.3319149057118644,0.8857082894540463,-0.9994728547250982,-0.4679671238259615,-0.22678217466424183,-0.08050757156392974,-0.6055962595428916,-1.4062230270144678,-0.6969112907684051,-0.21035948644860294,0.3814122699631405,-0.6637152164016171,-0.7389466670213996,0.046247905744183575,-0.40814259120998614,-0.7016974811275132,-0.08048359383111678,-0.35040300716484984,-0.8121654778573899,-0.5021710314828289,0.20386021830844872,-1.209379561361242,0.23400972871348152,-1.1320021075911733,-0.3770212610937084,-0.5066376673165311,-0.866242305362918,-0.7254147754456942,-0.39788783621153684
10,-0.18483324526569753,-1.3892782579012708,0.2005145587949725,-1.312819540803978,0.5398383471690466,-0.17963810122000537,2.406307310535556,0.03301274522715976,-0.9533083839765191,0.458478248878429,0.0,-1.4450175966900751,1.618845225295452,0.6618218401072434,-0.8319470880834334,-0.8848797823682375,-0.20477931366302382,-0.7181268384448551,-0.8751046193927234,0.2473947003990305,1.8598753936227275,-0.6948432859298184,0.41495362056778407,-0.7595254693784086,1.1094604881531775,-1.256702492014432,-0.06685898789288323,-0.5614262909690857,-0.2318571890710965,0.1895076127238683,0.5377117774328564,-0.5181820888018037,1.18461085862399,-0.5770697694176042,0.8059759414938387,-0.3661633462686063,-0.15505799221958022,0.053654338460808214,-1.6746053369102507,1.0185775272056512,0.008429287051082939,-0.9768128434319829,0.6913428965290143,0.2784076350714726,-0.6810407921868747,0.3244228629984603,-0.1501528122554276,1.5853178169529107,0.3736433991331769,0.38089022277078516,0.25755784396837095,-1.4477637260476244,1.1310967374445233,-1.9870487622449104,1.337961156576911,-0.42992329550931135,-0.1431418856952577,0.9083621308754694,1.0842248593743007,-0.43836301579351555,1.5022250615749901,-1.5504036017214835,-2.1159538654869023,-0.6984119575947522,0.7826053422268762,0.3293891854855096,-0.6172517214272576,-0.04536807775832904,0.16033438483045126,0.5935892685639295,-0.0617937629550679,0.32215832088609814,-1.2749144603625633,-0.007671153941075934,-1.861746544913853,0.6789574582843811,2.788725355937176,-0.009025773196277833,-1.0571311118985338,-1.0795506960079977,-0.6832947122699732,-1.6275650191624886,-0.601534733953066,-0.07997952790386371,0.10214754151796311,0.7480006527656935,1.4744838665955096,1.7786171680619294,0.12033780990933281,-0.7667818103845178,-1.3884830629048783,-0.2550423252063128,-0.6528730041578331,-0.06942759152481305,-0.24383530709069592,-0.8171904588188127,-1.027106719560298,-0.6055884105646906,-0.4532810474896416,-0.2275999602420361,-1.2031740258918682,1.384556472375355,0.40703557883721553,0.6763373864793891,-1.7150474948997962,-2.1552729958634917,1.367607662536073,0.214559157340311,-0.05803771632123924,0.718624759953283,0.3377804203674566,-0.3602659651203314,1.2533812801511137,-0.21147119862431588,0.5620393508024475,1.4966436821337872,-0.42152189941599827,0.3485740897449607,0.5629438194970637
11,1.7387638651168635,0.5182058949092067,-0.874631891285656,2.216181029027994,1.0497622095614438,0.19891504471495003,-0.9676813365314906,-0.5930559841983567,0.4346490147268196,-0.10202237754591256,-1.4450175966900751,0.0,0.43454075399207714,1.300628982772209,-0.08442146340885437,-1.0139746007214312,1.5640785202532344,0.1920853381610588,1.0725713248690576,1.6508069639463139,-0.1706194207719841,-1.787682858373907,-1.063124457457158,-0.2666889461967092,-0.9207019670810273,-1.1892678812138477,-1.4462574287653154,0.6840977942631791,-1.2544911761453996,0.3338570716977085,-0.7553197703092156,1.3457237272159057,0.10903613323243469,0.8205809941204427,0.5045159397761847,-0.49159017581260817,0.32303060964619396,0.010924213021574737,1.4956598173264122,0.7792991452211795,-0.039661477259158126,-0.7718960408065321,0.9558511183893346,0.9308091596292241,1.111987683965722,-0.3322835393086586,-1.0694965382115391,-0.2865205269268944,-0.40285638859431594,-1.6505302336291385,-0.021251799722512347,-0.0307884507364231,2.0986176681863586,2.0311184914183777,1.5476764724115253,0.5291577366218725,-1.243706530767813,-0.16415657050335933,-0.2758956438028517,-2.078940104558598,0.5941851900533907,-0.4147004068222584,-2.066751645579746,-1.1925200078361704,-0.8345637100143357,0.7304284908678365,-0.030119239056608373,-0.793578955889124,-0.3554212600677085,0.5340663523371163,-0.6596940073119241,1.8882670754302038,-1.5112532143481954,-0.12898582136803038,-1.111243404358432,-0.038403864453123125,0.8724585567852855,-0.11297552116186095,1.1682970610735564,-0.3065301373133289,-0.03910238952709064,0.9332645191525926,-1.6360842158143476,-1.4218933105193603,-1.4273499092459232,0.8237494931618562,-0.6306301015039486,1.060115777686894,0.6130893944485595,0.9799356212079543,-1.0245851062683835,1.7358298119963567,-0.4353561504073417,-0.9316172133794672,-1.0766437162767382,1.4962273148190408,-0.24611523694078358,0.8608750087514548,-0.9858373915429536,1.6313121347044088,-0.2860453988075748,-0.6407503356230874,-1.5325316487495395,0.06136809532480674,-2.0671280381559423,1.4119906683335262,0.38023848218039635,-0.21995046917389424,0.6081570243897225,2.037044013927669,-1.1380891500675394,-1.1664903977232959,-1.3354768678408981,-0.7856188301589423,1.5689003371397459,0.31903306780071733,0.37665566487308355,-0.7078505674834582,0.4519711886209082
12,-0.25667750626598207,-1.5876018253450268,-0.6393607572067312,-1.0077058911685897,-2.460281406044149,-1.0470311154818381,-0.21643114134428346,-1.273212561840574,-0.870928805244265,0.12891346300797163,1.618845225295452,0.43454075399207714,0.0,-1.7555327086075736,2.0878484393783054,0.6191312896390057,-1.4631786271081197,-0.9108593883086025,-1.7743874639538095,-1.723413363805627,0.5381121715000117,-0.5682780747458058,-0.022085871640602765,-0.34762170012600446,0.26176785084224335,-0.7474612515930686,-0.6784245351492361,0.963942089758284,-0.7296514010891471,1.0952723126542463,-1.1433190771623687,-0.09896634800545456,0.5295471720750187,-2.00734094527137,1.7189805316856837,0.7366241153599203,-0.796348002962281,1.2691474502646305,1.321551279816549,0.7986202458208396,-0.9238023073785917,1.6531332410801038,-1.192964198739096,1.4503359880519633,-1.0482209468819514,0.6440302526499905,0.33874908983107604,0.7397518588949394,0.7689408849881062,-0.32636611637852875,0.35292032707873766,0.3280679999464128,2.232473764193408,-1.0697990926911825,0.9330399119169853,-1.250364771922352,0.08856142972609103,0.3302903792405321,0.2306228392594223,0.34150935929709286,-0.1774845226134471,-2.5081682346510403,0.366110891803433,-0.4000703639912283,0.08545672561436188,0.9479393735251149,-0.06342441812463621,-0.840900262164945,-0.3441009852149373,-0.7679806523804125,0.5285587443396462,-0.5961250026106115,0.9144336167853374,0.09202261430698407,0.41152084399869104,0.7633728449767998,1.0912577408016007,-1.2375179689533535,-0.8690907780265391,-0.2742932604274783,0.8378659657293435,1.3070233546088352,-0.4344791925756422,0.9405158853730242,0.0745187034949855,-1.1480219902839508,-0.9356273908850995,1.5518095814304282,-0.04673924496306363,-0.34371990634836397,-0.6552338091951073,0.9712723658898575,1.4293540413615464,-2.6586588224096293,-1.7860986229505393,1.0154826512996724,0.23253099905856936,1.4799647043600141,-0.7611693468358552,0.07631546325821936,0.9191660022782627,0.9675127542633537,-0.10985631164670462,1.3038098628403865,-0.06895502873223783,-1.7611855944587995,1.1202807347481318,0.7420191074036896,-1.5705710014499383,-1.205092297230095,1.3176025192116796,1.1562316123009464,1.052217400182074,0.6542217849505065,0.8594100774122974,-0.43823652640922256,1.0862357790712638,-2.040068918085986,-0.494589515824807
13,-0.8280498704071194,-0.543944887922992,0.3221561018708416,-0.2966629177142386,-0.857221257341845,1.316918292402102,-0.10974360198345987,0.4572111418948023,0.7993325680956929,-0.6286108441566205,0.6618218401072434,1.300628982772209,-1.7555327086075736,0.0,-0.5345233784916076,0.4064632310557807,2.036910934898009,1.1719666756606202,1.1545210560627759,1.0058754501590585,-0.5047940770102672,0.05513349208022103,0.8361698055831003,-0.9120644555714581,0.0653091244975513,-0.3859710407571609,1.7757240499129363,1.77112146790413,0.4654661538351666,-0.7580592830333126,0.6881153393591746,-0.7247025797713834,0.7573286129970226,0.2752080238214248,1.0452253007808168,0.1592375962599644,0.41513782480086076,-0.9720413255189827,0.28606904899369223,0.5514950135751453,-0.5929502347144776,0.2931477077431559,-0.6974693380226185,-0.19958458340536323,0.6575974715869078,-0.4554461977061795,0.8099836598426492,-1.3547892633745942,-0.7296920225582413,-1.0304382410340314,0.20377616345123914,-2.1619672029369212,-0.7317246743803416,-1.056867345643092,-0.21716386873461554,0.7616092317088593,-1.985178481526035,2.0687286876924174,-1.5505247670882232,-1.449809851099573,-0.2790312008465028,0.9617675933551769,-0.4984909280391561,-0.995261377410428,-1.1544693820860576,-0.7216594111511994,0.7006247407660029,0.4043361615162773,-0.040350580584086644,-1.114452669647204,0.04599498276209027,0.80311611983209,-1.0251870416312039,0.7990695152127181,-0.6158046581816902,-1.4690682147355922,0.029979087890572603,0.765241738444181,-1.1717733167609157,1.6852766014301133,1.7501348277632214,0.062312772397799386,0.8940827772478888,-2.762406573441544,-0.7646935934583797,-0.6485780153080233,1.909879006575018,-1.053373953967841,-0.9013536214668434,-0.10509986067386977,-0.2845923537890913,-0.824615698663876,0.1762867842517626,0.1847009416325943,-0.9831882275081143,0.009909463935950793,-0.49167467511787283,0.3467052419194314,-0.1932637284661053,-1.7608883719057358,0.6453725926642861,0.7363812321877429,1.2400530394449123,0.29886046772342123,1.8611486350983917,-1.3784933536756192,1.6222064819833548,0.6986206739945865,0.19226694110156453,1.0377900168116372,0.6596059911504984,-0.2073928964528067,0.2402426059027357,0.21850218800030474,0.4502951852158143,-1.3981068968247126,-0.5969984040313461,0.8323093335408964,-0.8545542524093289
14,0.5183723753146612,-0.22682627366880995,-0.32918227435128516,-0.3891430274699088,0.04910891991605106,0.1844571227229521,0.17064572880207807,-0.5023378992196884,-0.20068988356238426,-1.5471939792169984,-0.8319470880834334,-0.08442146340885437,2.0878484393783054,-0.5345233784916076,0.0,1.932157804839619,0.38267772117039717,-0.8692947200934449,-0.148590744971845,-0.2793494483850208,-1.6557476681507335,0.004082691441547671,-1.1933645473739412,0.39878581156546183,-1.4768686636307842,-0.11135826657918348,-1.006325570215146,1.1243521109540622,0.1463501787035804,0.20353977830517894,0.040367760713049296,-0.9321358255238114,1.644620447768709,0.25473731820423795,-1.032606473346279,-1.2695282559283296,-2.8804687375649958,-1.0535349007125066,1.1567645969222629,-0.6574737545880999,-0.3706916081032905,-2.286067912376085,0.8221452712610877,-0.1132757396792494,1.018811395176296,0.8768929262188118,0.3195915025620433,0.21987804823345902,-0.8007900586693212,0.3292494644409378,-0.9356771188748128,-0.10983917151994745,0.3012214417128227,0.014909500888102792,-0.1284433725849084,-0.8871729494426697,-1.007907981662906,-0.1400090804169853,-0.37646828996044657,0.2856003105754682,-0.2683381526014433,-1.2110516776364977,0.40593032356864345,-0.7152496687091291,-0.5180192487486877,0.6374471429543196,0.574859840309803,1.0808737730569395,0.20724717269841092,0.18470757667460075,-0.1372037625607913,-2.287983748875015,0.24951397505711378,-1.1922232518188902,0.5861985986376008,1.143686237730735,-0.2734456366008153,-1.3294673420760983,0.24673409144208366,-0.5477893609597091,-0.5364245030818001,1.0631642545598068,0.9724254559521786,-1.0687213660274544,-0.016371777449460098,-0.4482118259803861,0.14802134669428973,-0.5880889025372101,0.8051379229867697,-0.5153202133295238,-1.5421746737783768,-0.745037336188443,-0.36308095699871606,1.0875234963147635,-0.6551396613311604,-0.034429144438589895,1.233319008950445,-0.1475289752008126,0.11533788609725576,0.6224966999235403,-1.0264771140272289,0.9037561782218683,0.9900962044912425,-0.6440580387659011,1.1553591103945622,0.8298629969355068,1.1937869696677845,0.891443374944182,0.16791065905296443,0.26188892105971207,1.716560465264378,0.41982355957680684,1.5112393443763363,0.706604292837091,0.011260209231064897,-1.597860420654643,-2.091588602576155,3.0505731523794286,0.6604424368510086
15,-0.48401682920230416,-0.5954731371735894,0.006869971975806312,-0.12587135904120572,1.4780891144281227,0.7734467529756375,1.0753917316844328,0.7843679237335865,-0.5758212887327445,-0.5724685588523553,-0.8848797823682375,-1.0139746007214312,0.6191312896390057,0.4064632310557807,1.932157804839619,0.0,-1.3409611607064995,-0.20391029018863624,-0.9558838184167341,1.1020138087884823,0.4906958953446986,-0.3695268061629948,-0.26282462006734264,-0.44257948478276493,1.3006793713751068,0.39258954657506423,0.2322361316476054,1.7680084997748389,1.2380568687845506,-0.8558351845989924,-1.6548342310727189,0.12131410315361565,-1.2346254802531278,1.9480382619862544,-2.182761355888636,-1.3806137692374598,-0.8303889377768969,-0.4607023711806522,-0.02442789759700551,0.38914892188806993,0.2960604875295503,-0.9491240830744108,-0.2405372624194654,-0.597957432471095,-3.101558066724586,-0.27162567497969586,-0.7305047321672591,0.05208560917658033,0.44733967482355513,-1.304387163859275,-0.7596903085042785,-1.3947263913978893,-0.08827571379161198,-0.8423193177701874,0.5814944636551103,0.6741600620008715,-0.9539724082130941,0.6668463560549754,-1.3493292060917754,-0.32087351620301685,-0.22321453636044275,1.3662735506608596,-2.964041656384077,1.1987185109374274,1.0127830793945012,-0.08760462980434262,1.0346144262848358,-0.6675249290351972,0.1464425068189822,1.2794374830769437,-0.2813886026319084,0.47255600308053386,0.24514877530938578,0.32340897155456017,-0.26047461098713887,-0.5431813084262783,-0.16379960573367341,0.2665522533539788,-0.5943177376098958,-0.5588459685637552,1.3047833073941246,0.3330782309627749,1.0030050187895942,2.0279592491673712,-0.8350685729116814,-0.6159308197341095,0.35529316435508806,-1.0324589886399982,0.44997804257525464,-1.459109290428885,-1.4402029915242232,-0.4714435147723871,-0.0441497431010884,-1.2396389993967591,0.8554106802751178,0.06839066121037309,-0.039882677241749036,1.553828840462892,0.6323163882805938,-0.1437950579700105,-0.6446098327577925,0.5624895573647025,-2.446811522058636,1.1231352889223294,0.15351011170617934,-1.374366304528192,0.32752932353495845,-0.6574914035657462,-0.4791880859231257,-0.5931843645035365,-0.09800004140418954,-1.308345674560475,-0.2695986287525159,0.7406879869134858,0.08072419164875448,-0.7513010688534278,1.6418965669282553,0.47766823928952246,-0.8098243693556367
16,0.561667136955806,-1.0231588581114412,0.012999461810940345,-0.3087079561453862,-0.09647023035437105,-0.09015342552389656,-0.1262327022001038,-1.409119743666498,1.26757158724008,0.9958287733829496,-0.20477931366302382,1.5640785202532344,-1.4631786271081197,2.036910934898009,0.38267772117039717,-1.3409611607064995,0.0,0.8919045027829269,1.8270057473615378,-0.007348971342676616,-1.8726535402758173,-0.5111520299999746,-1.0490340040587498,1.9227919236660984,1.043571661433672,-0.4694519843166272,-0.27804375275561066,0.5001106615147798,-0.33696617628488124,1.162052339792085,-1.4364395017012974,1.0935136193028574,-1.0458907453636848,-0.05790971423282142,0.22315958872793826,0.9120127450634202,0.909929989350147,0.5723765750623342,-0.137836739724412,0.41013352930609537,-0.14922108277449136,1.4067488448190142,-1.759748439114101,0.4422429773957446,0.13822281142454565,-0.14410253395560335,1.8231142972144407,0.6491492856312644,-0.02698676960747067,-0.26547575016748104,0.07147673162451025,0.13173396565768763,-0.5514532480797676,1.5776220635840144,-1.1649443473225822,0.04325076421989827,1.8924278846350508,0.39998789009206837,0.3880949466272423,0.15673101834291148,-0.1324905341841234,0.8337345377615613,-2.2336696864922714,0.944687438308765,0.7092566738122855,-0.31036446895961783,0.001216490280666846,-0.16903199067361874,-1.55221458902199,-2.1470313457674264,-0.08625209932247438,0.16626074425429452,0.8488950534876298,-1.2868693355857532,-1.301111689687142,1.2778783204865736,-0.8011597700764863,-0.36387518127728585,0.9133980520027788,0.36182519194477636,-1.4133308904422295,-0.3752449482846505,-0.5884609734668382,-0.33772594777245446,2.0724689747829896,3.1210020505024145,0.38567395303089336,0.34942639478074755,-0.1766243816545114,-0.07829615587884561,-0.6954974534054739,-2.1573992600957577,-0.32956872733504355,-1.2697517134474665,1.06288480710315,-0.2091067135104088,-0.6241480959897223,-1.1604235871666355,-0.8897432151557118,-0.4084311421340462,2.3665935899970334,0.7876373573387633,-0.6473472526156219,-1.6219490911990495,-0.11400910359571573,1.4165530470999925,0.31158818241100567,0.08184239455988265,-2.1636857091143455,1.2142785176577786,-0.34232307168570036,1.0479400309420808,-0.8260733601649035,1.4194898639885538,0.3540683652687143,0.19616873480592958,0.5904103445816941,-1.1663043702790246,-0.7512667348236526
