,0,1,2,3,4,5,6,7,8,9,10,11,12,13,14,15,16,17,18,19,20,21,22,23,24,25,26,27,28,29,30,31,32,33,34,35,36,37,38,39
0,0.0,-0.1519958030661085,-1.766652262363942,-0.9355795768460531,0.7869869860843371,0.49764794826586284,-0.05140271634984499,1.1197637336845911,0.7191953704175641,-1.0956838253946777,-0.362271977723038,-0.9282491037546482,-0.16141398947782204,-1.036459955723277,-2.3917352272304737,-0.9779917078041009,0.6260211630438796,0.6868696793214275,-1.1031072463321674,0.21516233481132468,-1.0264722863995466,0.5209111777641491,-0.15879961280573196,-0.4891269543525935,-0.5675609294957171,-1.8667886704096153,-0.09702343285939441,1.4651236058623156,1.583415365662998,-0.5140362071429672,-0.018864548908158158,0.5743326781674291,-0.6801086542485781,0.12179061156337816,0.735751539134558,0.8737094479007292,-0.0306044317633667,-2.041883720151152,0.6022378678279886,-0.005098449823465722
1,-0.1519958030661085,0.0,0.5485988805614476,1.9092035870913266,0.36305823841704776,-1.1932140516497671,1.7439399985316113,-0.34448198766604904,1.421708714727489,-0.8613236574851336,-0.7264536694415153,0.7319972029792636,-1.4894848050017044,0.443441921288054,1.506823472655179,1.2649938633063285,-1.9572865288381274,-1.478007918710237,-0.24294645445348187,0.4864489568316346,-0.7549331512719603,0.8089749642945471,0.1510220850512124,-1.3358926031785567,-0.08901656789936235,-1.3843283163782578,-1.698891329647186,1.0900969095323843,1.9191426421473206,-0.6624376182134076,4.572941502079014e-05,-0.700441621950427,-0.20244286063758,0.477673195623315,-1.3093594125309485,-0.4298080655643761,-0.8037513494536497,0.7849364475710765,0.20040681236604826,-0.14853462285711436
2,-1.766652262363942,0.5485988805614476,0.0,0.37322679536134423,-0.2598278343985188,0.1372654634237268,-0.11504596168280246,1.6241093468193382,-0.42219388146091413,0.9600630269729941,0.08179826244207768,0.7370078375754208,0.9711857920219618,1.0212113946575114,-0.1924260105455214,0.25329010510600325,-0.10485198045335813,-0.6162924944664872,0.12469481587031428,-1.3733671821510276,0.52577417870966,-0.3481754405066658,1.4866437018355334,0.4052000870133262,-0.5051007139070933,0.709622063475045,-0.38380731849099436,-0.25231093209550065,0.01600073667713087,-0.9945114152117793,-1.6169689112272234,0.22864739941639942,0.9106329709799966,-0.10424076770664889,-1.3836953730200943,-0.5614642482728724,0.7541612691519224,-1.384723293007935,0.14739829059023649,-0.17258446138377506
3,-0.9355795768460531,1.9092035870913266,0.37322679536134423,0.0,0.7241029012356022,-0.6284518230109801,-1.2004374687436947,-1.410570883889585,-1.6770323459568164,0.7321444279433863,0.5729750381072243,-0.5276909702367298,-0.16623909955574778,0.42163090563536515,0.6178053434017267,0.6136577381079015,-0.01935861974319814,-0.0006910984440933926,-0.49126506402573006,2.487249155762337,0.7077140745300338,-2.460667223893704,-0.034811036426515826,0.04022272774118782,0.33230588857555926,-0.24428697562315685,0.6850703850117116,0.3413046665261719,-0.8220714549399317,1.3370156145853085,1.6099084482935253,1.0111089268753168,-0.23321683647988412,-0.32508112475110473,-0.22388572041407728,-1.2855869933224142,1.1415993501758315,0.6238978718079689,-0.7057726802720165,0.533826410479747
4,0.7869869860843371,0.36305823841704776,-0.2598278343985188,0.7241029012356022,0.0,0.12431808451254414,0.34159000716945176,1.8931212551007803,-1.6483171315464602,-1.0367082046846599,1.0347217614201942,-1.052181036512709,0.3496686700963691,0.9468514573879062,-0.49935610213679493,-0.8897767927052374,-0.4806957799618928,0.7211842456646484,0.04468168077688994,-2.616863305497367,0.3400108977188188,0.39091153263281053,-1.124569573055511,-1.0795328008937812,0.4228352709182437,-0.655958230203144,-0.32870222787486375,0.6245748953310429,-0.38957269071057754,0.5178398941762807,-1.229925533374576,0.35151765596685164,-0.4715410996809836,-1.3594489146912205,0.0904812255771199,-0.20038560243093756,-1.2617775708583534,1.2394468521816777,1.023998381929948,-0.5769228503647831
5,0.49764794826586284,-1.1932140516497671,0.1372654634237268,-0.6284518230109801,0.12431808451254414,0.0,-0.15730894749706337,0.3002070308738593,-0.41056493775677744,-0.8025664699949987,-0.5372889058362234,-0.7729491703705368,0.5721785017270239,-0.28438155204083126,-0.19628835860856195,0.014431808725438824,0.9507668082533297,-2.661716406549146,-1.853065160911811,0.19781945022252553,0.30736177690836486,0.7498051030127117,0.3154884656605107,1.1445528602007575,0.25110488230869893,-2.1502079524385054,1.065624488227932,0.9865244167981577,0.2811409216343085,0.8473890686010286,-0.15428352699282966,0.14315888025020493,-0.5230168681470251,2.8223025549047795,-1.5199152714749546,1.3037859411276442,0.07036235626630293,1.893330575816237,1.1729199914055006,0.37627655448387853
6,-0.05140271634984499,1.7439399985316113,-0.11504596168280246,-1.2004374687436947,0.34159000716945176,-0.15730894749706337,0.0,1.5609251944507616,-1.1786687228059118,-0.23329575787634327,1.1113624284089492,1.0317778605935242,0.9718933929335707,1.142815586292806,0.431528456198543,0.4801029747814519,1.1966915551163788,0.8402629664790916,-1.268878130338147,0.22145645792623309,-0.8010282429002509,0.5459912147893398,1.350264739250966,1.6648233546161724,-0.4469493709219651,-0.19916816445393964,-1.0055935307351798,0.6605323241808391,-0.3650148990884497,-1.11790384802007,0.116154396404,-0.04479809065536616,-2.706800729206265,-0.747333268372866,-1.3970305502702915,1.3889720842917832,-0.7494389164518399,-1.6903382050548652,0.290585427309116,0.9550342267104792
7,1.1197637336845911,-0.34448198766604904,1.6241093468193382,-1.410570883889585,1.8931212551007803,0.3002070308738593,1.5609251944507616,0.0,0.7569861967729697,-0.8085534111822135,1.5682153938696233,-1.816055814132534,0.4664868493777431,-2.1128235261031563,-1.7614021752381224,0.585193380982388,0.8271555774894387,-0.4745856491892204,-0.8014275163929758,1.0038662699024326,-1.0446252542184085,-0.44516551677832505,0.5747812165432327,-0.4911040549366915,1.178657186079116,-1.5023746781218916,0.29158661146802783,0.683206649028322,-0.9160077791164504,0.30988185705936544,0.8301883048336404,-1.1650842206946757,1.429461195131577,0.60380576991727,-1.3039228592688956,-1.3534809406457655,-1.8739716773684008,-1.0122340088548638,-0.06920559942577585,2.148132747436246
8,0.7191953704175641,1.421708714727489,-0.42219388146091413,-1.6770323459568164,-1.6483171315464602,-0.41056493775677744,-1.1786687228059118,0.7569861967729697,0.0,2.617643267461784,0.04028684069300874,-0.5450587053165747,-0.6506723984084404,1.4962597748605297,-0.036254425577646736,-1.130879755028234,1.471149360766159,-1.2638726333449273,-1.6121454296447109,1.0685773032858032,0.5022476799414127,0.19690770978739108,-0.9140183300737053,-0.25592489261565493,-0.6676534176313994,-0.04188726251137728,-1.0917232834672062,-0.30892144275608724,-1.2900691285752877,-0.8830944439882616,-0.7148975677856462,-0.4707299261625955,0.5722033001785763,2.5578689846057356,-1.7088776851495553,-1.4405698302539223,-0.13305308650295478,-1.607246262068841,0.30081229162632717,0.4409837717200693
9,-1.0956838253946777,-0.8613236574851336,0.9600630269729941,0.7321444279433863,-1.0367082046846599,-0.8025664699949987,-0.23329575787634327,-0.8085534111822135,2.617643267461784,0.0,1.1626565734530592,0.9063056415063695,0.3352771384720731,0.3786061524803415,-0.23655488285942897,0.3867754555339309,2.515864175446485,-0.1907580872326343,0.9856869967158804,0.23532680211576412,1.661567914825587,0.47530297133269334,0.2323320295025097,-0.16656243281635888,0.1391403345231494,-0.04472882250789204,-0.8226223186808874,0.4106481419106683,0.47748649439136753,-2.348605739271545,0.8496791877942482,1.3778506937487474,-1.0085085505119875,0.7929859036065778,0.7779019829946281,-0.4504104972867878,-0.07404553714668777,-1.0786999782599371,-1.7016913211228493,1.8106204495188527
10,-0.362271977723038,-0.7264536694415153,0.08179826244207768,0.5729750381072243,1.0347217614201942,-0.5372889058362234,1.1113624284089492,1.5682153938696233,0.04028684069300874,1.1626565734530592,0.0,0.8006524851700461,-0.3482562360393256,0.5673467775494473,-0.513755011383475,-0.7891470090257244,0.5509784230842499,0.6197286736691249,-0.5638387763203231,1.749173349380222,-0.9740812061504829,-0.15332959754609998,-0.018586746651808362,0.6839046093268707,0.1558975888369773,-0.3607573789202792,1.8446268309545542,-1.942172658657775,-0.9220370280646928,0.182818610800397,-0.43497987966137425,1.07194342118486,-0.8474849270618257,-0.22938322736407998,0.0032951623932539393,0.2667232711957089,-0.33168986013930224,0.6375698169235161,1.0715711895234052,0.576688509800185
11,-0.9282491037546482,0.7319972029792636,0.7370078375754208,-0.5276909702367298,-1.052181036512709,-0.7729491703705368,1.0317778605935242,-1.816055814132534,-0.5450587053165747,0.9063056415063695,0.8006524851700461,0.0,-0.8467113447391619,-0.1515527201849797,-0.05955307335664362,0.07801226527696949,0.11900638358283461,0.5291743999900086,0.3611547315341884,1.077478169089526,-0.2697672182182428,-0.8384201160273005,-1.6787811424467953,-0.21615602374887893,0.5752626666204517,0.40079090599675404,1.2669291316746656,0.2849122408832298,-0.8932936400481833,0.28586511613690446,1.494756684847905,-0.31117867797577276,0.6512081978041806,-1.1596644288625375,1.7395843710255818,1.3798298232729391,0.8796178208960863,-0.9699203510313366,0.8103798910439582,-0.5192630563613019
12,-0.16141398947782204,-1.4894848050017044,0.9711857920219618,-0.16623909955574778,0.3496686700963691,0.5721785017270239,0.9718933929335707,0.4664868493777431,-0.6506723984084404,0.3352771384720731,-0.3482562360393256,-0.8467113447391619,0.0,-0.5567981792988503,-0.12146321417628292,0.44279481876175925,0.49130339752753766,-0.4649718228307376,-0.31305864388508947,-1.4590341441050323,-0.2612596560395853,-2.2518965889513605,-0.24007901733413997,0.4645984288677019,-0.8071098798047549,-1.175010055609146,-2.682737110178014,-0.2551717117852507,-0.3738515795249853,-0.09835110496833394,-0.38303866492895716,-1.2018784273684917,-0.48186716030173815,-0.17102852530211898,-1.509304043151736,-0.5426850788996062,0.8707154091073155,-0.795844707692963,-0.06433849617255741,-0.36996056600616084
13,-1.036459955723277,0.443441921288054,1.0212113946575114,0.42163090563536515,0.9468514573879062,-0.28438155204083126,1.142815586292806,-2.1128235261031563,1.4962597748605297,0.3786061524803415,0.5673467775494473,-0.1515527201849797,-0.5567981792988503,0.0,2.4001025440959047,2.4407454037284073,2.2735973535536,-0.5256088564893469,-0.5680276036875904,0.23912739699874636,0.817184822985372,0.18841474578465023,-1.1232568549761777,0.5034819463409923,-0.9969414630420448,1.3574545645518443,-0.5277903564042042,1.267730266802672,-1.8305349533115687,-0.21695727198645326,0.14666830133733122,2.3139260060297513,-1.1363030372814515,0.7292786457963354,-0.14511229921884214,2.1175721743195903,-0.08377650854508813,-0.5001450161910238,1.138305555955776,-0.39113135634663443
14,-2.3917352272304737,1.506823472655179,-0.1924260105455214,0.6178053434017267,-0.49935610213679493,-0.19628835860856195,0.431528456198543,-1.7614021752381224,-0.036254425577646736,-0.23655488285942897,-0.513755011383475,-0.05955307335664362,-0.12146321417628292,2.4001025440959047,0.0,-1.5659214455652686,0.09891403033172019,-0.5725995908523092,1.299622648891411,1.6204890641716974,-1.0306629194046513,-0.3486689003176136,-1.3108268977804358,0.3443197986319242,1.1595611025438677,-1.294542103984852,-0.8669849940262195,0.7259075734447239,-1.1687527476473984,0.41924342376756746,2.419005423484885,-1.927148969898749,0.8018430485927541,-0.9983865633042937,0.9974773292775634,-1.3355567446628875,-0.15926495250214848,1.1300161236955637,-2.0930506782629554,1.0848200927675307
15,-0.9779917078041009,1.2649938633063285,0.25329010510600325,0.6136577381079015,-0.8897767927052374,0.014431808725438824,0.4801029747814519,0.585193380982388,-1.130879755028234,0.3867754555339309,-0.7891470090257244,0.07801226527696949,0.44279481876175925,2.4407454037284073,-1.5659214455652686,0.0,-1.230762837523944,0.16810829004140676,-0.9877502579516055,0.4724150207188752,0.17507177195360832,-0.8697605751766363,-0.7814285881794417,-0.3400665108734802,-0.2522662376140181,0.44493349004529104,-0.7115843580655102,-0.5789524457440522,-0.5482231935831277,-0.02635092870821819,-0.030062387084244822,0.16746962376150923,1.1167980775393163,-0.34228049489406953,1.0504701180605214,-0.12322959308961437,-0.1887874987800741,0.37226068392212514,0.6073652987054307,0.7756915385404579
16,0.6260211630438796,-1.9572865288381274,-0.10485198045335813,-0.01935861974319814,-0.4806957799618928,0.9507668082533297,1.1966915551163788,0.8271555774894387,1.471149360766159,2.515864175446485,0.5509784230842499,0.11900638358283461,0.49130339752753766,2.2735973535536,0.09891403033172019,-1.230762837523944,0.0,0.1293941286942971,0.0864052036710582,-0.3715370948067946,1.0487783743062038,-0.7996969237955844,-1.0608637077225884,1.088490532884854,0.4746561373682293,0.7488528827194721,1.4655372284874628,-0.5365504211572851,-2.104302614898322,0.1973700141116257,0.3056771400411664,-1.1456757966503022,0.7812123064484241,1.0175195517390607,-0.11057379543829926,1.4046726515215133,0.8208418814686966,0.49296348092194225,-0.6586107954645408,0.10416389091688401
17,0.6868696793214275,-1.478007918710237,-0.6162924944664872,-0.0006910984440933926,0.7211842456646484,-2.661716406549146,0.8402629664790916,-0.4745856491892204,-1.2638726333449273,-0.1907580872326343,0.6197286736691249,0.5291743999900086,-0.4649718228307376,-0.5256088564893469,-0.5725995908523092,0.16810829004140676,0.1293941286942971,0.0,-0.053757196089277356,1.6709400826286378,-0.44947781422975913,0.44845533650787095,-0.5750363410664485,-0.9360803824904247,-0.2961799784923744,-0.19322190729255342,1.2118874996968367,0.4170233600766272,0.583359424932105,1.5932964397278988,-1.3346833539974199,-0.23738418158840222,-0.04230495604031806,0.9505248189714295,0.4783439610563816,-0.20492344681428165,-0.5496732066165108,0.7792565076384886,2.2981231564915783,0.6763302090465112
18,-1.1031072463321674,-0.24294645445348187,0.12469481587031428,-0.49126506402573006,0.04468168077688994,-1.853065160911811,-1.268878130338147,-0.8014275163929758,-1.6121454296447109,0.9856869967158804,-0.5638387763203231,0.3611547315341884,-0.31305864388508947,-0.5680276036875904,1.299622648891411,-0.9877502579516055,0.0864052036710582,-0.053757196089277356,0.0,0.3285696678924364,-0.8837673794124247,1.1202912710661022,0.37524829013239486,-0.2781621454898811,-0.5349953739069376,0.6679867365681241,-0.4320874659756358,-0.8863524315449731,-0.00195545097580137,-0.29119296653578153,-0.03246733783977757,-0.5134690381733665,-0.5256745497156587,0.1272576146809521,0.45061086474995343,0.17516138634882988,0.8065315690489456,-0.5898618025824947,-1.4652123414035387,1.057860544213001
19,0.21516233481132468,0.4864489568316346,-1.3733671821510276,2.487249155762337,-2.616863305497367,0.19781945022252553,0.22145645792623309,1.0038662699024326,1.0685773032858032,0.23532680211576412,1.749173349380222,1.077478169089526,-1.4590341441050323,0.23912739699874636,1.6204890641716974,0.4724150207188752,-0.3715370948067946,1.6709400826286378,0.3285696678924364,0.0,-0.30849892499975096,-1.7238299808355626,-1.15330884344105,0.2021502935053249,-1.8175793579323907,-1.1596350068100763,1.367271828854769,-0.8784024852901314,-1.1371556975302657,-0.19665322266778135,1.984155153084865,0.7396794809900106,1.178611218977432,-1.3484371432896844,0.9756231918321681,-0.4399686091514212,0.2268775376995231,-2.267819890062052,-1.370608398969986,-0.16480561369759678
20,-1.0264722863995466,-0.7549331512719603,0.52577417870966,0.7077140745300338,0.3400108977188188,0.30736177690836486,-0.8010282429002509,-1.0446252542184085,0.5022476799414127,1.661567914825587,-0.9740812061504829,-0.2697672182182428,-0.2612596560395853,0.817184822985372,-1.0306629194046513,0.17507177195360832,1.0487783743062038,-0.44947781422975913,-0.8837673794124247,-0.30849892499975096,0.0,-0.8919240581342688,0.7649289149509664,0.2887485419448804,1.4371237787397502,-0.7852434213229497,0.7912960243388627,-0.030969983166125176,0.14603474225083435,-1.5949111050554534,1.101885613512681,-1.156489061130449,0.08865548790913036,-2.145341329601921,0.5174101744627658,0.6135305044376167,-0.7089826845058105,-0.39193004178944396,1.0104960382380899,-0.21137578235613583
21,0.5209111777641491,0.8089749642945471,-0.3481754405066658,-2.460667223893704,0.39091153263281053,0.7498051030127117,0.5459912147893398,-0.44516551677832505,0.19690770978739108,0.47530297133269334,-0.15332959754609998,-0.8384201160273005,-2.2518965889513605,0.18841474578465023,-0.3486689003176136,-0.8697605751766363,-0.7996969237955844,0.44845533650787095,1.1202912710661022,-1.7238299808355626,-0.8919240581342688,0.0,0.7735213823973996,0.19165292136786627,0.2506482921769843,-0.4879146882266141,-0.5048195741229652,-2.347756185296134,1.2759425965376852,-0.017857258708476927,-0.4044420712260217,-0.9083468514874481,-0.3148550576716095,-2.62994607494097,0.9937341521546543,-0.8197488174718041,0.9705131489495447,0.7495340002681468,0.017369962488376606,1.5496618668561346
22,-0.15879961280573196,0.1510220850512124,1.4866437018355334,-0.034811036426515826,-1.124569573055511,0.3154884656605107,1.350264739250966,0.5747812165432327,-0.9140183300737053,0.2323320295025097,-0.018586746651808362,-1.6787811424467953,-0.24007901733413997,-1.1232568549761777,-1.3108268977804358,-0.7814285881794417,-1.0608637077225884,-0.5750363410664485,0.37524829013239486,-1.15330884344105,0.7649289149509664,0.7735213823973996,0.0,-0.4049191440915196,-0.5012210227509777,0.005195596982448656,-3.0256873370325787,-3.3616191134925315,0.9502462136010242,-0.4578401368942165,0.544723372260405,1.5765096239286036,1.2121377974225012,1.9596394208766572,-0.8983216136010742,0.2548522134254669,-1.3368560148516622,0.20871694534459195,0.7204081708140889,-0.019420027236044527
23,-0.4891269543525935,-1.3358926031785567,0.4052000870133262,0.04022272774118782,-1.0795328008937812,1.1445528602007575,1.6648233546161724,-0.4911040549366915,-0.25592489261565493,-0.16656243281635888,0.6839046093268707,-0.21615602374887893,0.4645984288677019,0.5034819463409923,0.3443197986319242,-0.3400665108734802,1.088490532884854,-0.9360803824904247,-0.2781621454898811,0.2021502935053249,0.2887485419448804,0.19165292136786627,-0.4049191440915196,0.0,1.9058460253849314,1.87603777135458,-0.9384796981310584,-0.4819853999020943,1.1771382372241193,-0.5211041205687911,-0.5615442863460081,0.15866066745835908,-0.8000292096916224,-0.4426342076886085,-1.357266873594064,-0.4988980398253249,0.009851692658670815,0.5644627043501952,-0.4720966951117067,-3.3431958563503836
24,-0.5675609294957171,-0.08901656789936235,-0.5051007139070933,0.33230588857555926,0.4228352709182437,0.25110488230869893,-0.4469493709219651,1.178657186079116,-0.6676534176313994,0.1391403345231494,0.1558975888369773,0.5752626666204517,-0.8071098798047549,-0.9969414630420448,1.1595611025438677,-0.2522662376140181,0.4746561373682293,-0.2961799784923744,-0.5349953739069376,-1.8175793579323907,1.4371237787397502,0.2506482921769843,-0.5012210227509777,1.9058460253849314,0.0,-0.7902985418761134,0.17201413834019952,0.2565824703723123,-0.42720128428818793,-1.679989500885455,0.3943026647941617,-1.491665936243518,-1.137862859210027,1.0512038141988347,1.0746877276250983,1.2690873956842,1.508047424279746,-0.9002263637851894,1.193569108620707,-0.012816287688876066
25,-1.8667886704096153,-1.3843283163782578,0.709622063475045,-0.24428697562315685,-0.655958230203144,-2.1502079524385054,-0.19916816445393964,-1.5023746781218916,-0.04188726251137728,-0.04472882250789204,-0.3607573789202792,0.40079090599675404,-1.175010055609146,1.3574545645518443,-1.294542103984852,0.44493349004529104,0.7488528827194721,-0.19322190729255342,0.6679867365681241,-1.1596350068100763,-0.7852434213229497,-0.4879146882266141,0.005195596982448656,1.87603777135458,-0.7902985418761134,0.0,-0.14046744005613712,-0.5306668603819175,1.3020439113654811,-0.3001395852343961,-0.019076355167067155,-0.741067898447592,-1.411882700487448,0.5674757022675921,-1.3477254416595073,0.6708827948085287,-1.6111114585714312,-1.2813624376212984,-0.613327020278747,-0.966608523227148
26,-0.09702343285939441,-1.698891329647186,-0.38380731849099436,0.6850703850117116,-0.32870222787486375,1.065624488227932,-1.0055935307351798,0.29158661146802783,-1.0917232834672062,-0.8226223186808874,1.8446268309545542,1.2669291316746656,-2.682737110178014,-0.5277903564042042,-0.8669849940262195,-0.7115843580655102,1.4655372284874628,1.2118874996968367,-0.4320874659756358,1.367271828854769,0.7912960243388627,-0.5048195741229652,-3.0256873370325787,-0.9384796981310584,0.17201413834019952,-0.14046744005613712,0.0,0.1412521055762865,-0.6453301192380398,-0.23918522482069327,0.36235310912498375,0.17266153761328684,-0.12381869490843093,0.2797008713684949,2.085879585475724,0.11856559269902617,1.902571622030718,0.024184330365239863,0.08295319344195945,0.04016332778549997
27,1.4651236058623156,1.0900969095323843,-0.25231093209550065,0.3413046665261719,0.6245748953310429,0.9865244167981577,0.6605323241808391,0.683206649028322,-0.30892144275608724,0.4106481419106683,-1.942172658657775,0.2849122408832298,-0.2551717117852507,1.267730266802672,0.7259075734447239,-0.5789524457440522,-0.5365504211572851,0.4170233600766272,-0.8863524315449731,-0.8784024852901314,-0.030969983166125176,-2.347756185296134,-3.3616191134925315,-0.4819853999020943,0.2565824703723123,-0.5306668603819175,0.1412521055762865,0.0,1.4368791206042975,-0.33000572385344223,0.19297655879202566,1.234167034499531,-0.782961399237948,-0.7526256250855737,0.25362016248641506,0.2679168046897423,-0.0657025339172377,0.49945039771386274,0.7230720626576828,0.06539685178972449
28,1.583415365662998,1.9191426421473206,0.01600073667713087,-0.8220714549399317,-0.38957269071057754,0.2811409216343085,-0.3650148990884497,-0.9160077791164504,-1.2900691285752877,0.47748649439136753,-0.9220370280646928,-0.8932936400481833,-0.3738515795249853,-1.8305349533115687,-1.1687527476473984,-0.5482231935831277,-2.104302614898322,0.583359424932105,-0.00195545097580137,-1.1371556975302657,0.14603474225083435,1.2759425965376852,0.9502462136010242,1.1771382372241193,-0.42720128428818793,1.3020439113654811,-0.6453301192380398,1.4368791206042975,0.0,-1.059174821898584,-0.0032429582875338606,0.15211687425629544,0.5239729778182403,-0.8930045741782396,-0.03923211437069153,-0.49903143534017935,0.33466811450324485,0.2012543105292567,1.0906241463038238,-0.6229277146887899
29,-0.5140362071429672,-0.6624376182134076,-0.9945114152117793,1.3370156145853085,0.5178398941762807,0.8473890686010286,-1.11790384802007,0.30988185705936544,-0.8830944439882616,-2.348605739271545,0.182818610800397,0.28586511613690446,-0.09835110496833394,-0.21695727198645326,0.41924342376756746,-0.02635092870821819,0.1973700141116257,1.5932964397278988,-0.29119296653578153,-0.19665322266778135,-1.5949111050554534,-0.017857258708476927,-0.4578401368942165,-0.5211041205687911,-1.679989500885455,-0.3001395852343961,-0.23918522482069327,-0.33000572385344223,-1.059174821898584,0.0,-0.7341451363968003,0.25440992993586625,1.265644644623948,0.7022351059259165,-1.4766358863856208,0.20937934045733012,0.9658746146895304,-2.2567596371258425,-0.06470976485570315,-0.1799285995151847
30,-0.018864548908158158,4.572941502079014e-05,-1.6169689112272234,1.6099084482935253,-1.229925533374576,-0.15428352699282966,0.116154396404,0.8301883048336404,-0.7148975677856462,0.8496791877942482,-0.43497987966137425,1.494756684847905,-0.38303866492895716,0.14666830133733122,2.419005423484885,-0.030062387084244822,0.3056771400411664,-1.3346833539974199,-0.03246733783977757,1.984155153084865,1.101885613512681,-0.4044420712260217,0.544723372260405,-0.5615442863460081,0.3943026647941617,-0.019076355167067155,0.36235310912498375,0.19297655879202566,-0.0032429582875338606,-0.7341451363968003,0.0,2.0170713049924074,0.5772510789164282,-0.2769244116315908,0.019852537662785365,-0.5816459030827333,1.8560423587960886,-1.1970429784836125,0.01466841186490787,-0.5392543252297293
31,0.5743326781674291,-0.700441621950427,0.22864739941639942,1.0111089268753168,0.35151765596685164,0.14315888025020493,-0.04479809065536616,-1.1650842206946757,-0.4707299261625955,1.3778506937487474,1.07194342118486,-0.31117867797577276,-1.2018784273684917,2.3139260060297513,-1.927148969898749,0.16746962376150923,-1.1456757966503022,-0.23738418158840222,-0.5134690381733665,0.7396794809900106,-1.156489061130449,-0.9083468514874481,1.5765096239286036,0.15866066745835908,-1.491665936243518,-0.741067898447592,0.17266153761328684,1.234167034499531,0.15211687425629544,0.25440992993586625,2.0170713049924074,0.0,-1.4792309414895157,-0.3923133476007895,-0.7643560499444577,-0.9357562299389758,0.3316746909284258,0.9459981675149252,0.9466989264926028,0.23855598412265175
32,-0.6801086542485781,-0.20244286063758,0.9106329709799966,-0.23321683647988412,-0.4715410996809836,-0.5230168681470251,-2.706800729206265,1.429461195131577,0.5722033001785763,-1.0085085505119875,-0.8474849270618257,0.6512081978041806,-0.48186716030173815,-1.1363030372814515,0.8018430485927541,1.1167980775393163,0.7812123064484241,-0.04230495604031806,-0.5256745497156587,1.178611218977432,0.08865548790913036,-0.3148550576716095,1.2121377974225012,-0.8000292096916224,-1.137862859210027,-1.411882700487448,-0.12381869490843093,-0.782961399237948,0.5239729778182403,1.265644644623948,0.5772510789164282,-1.4792309414895157,0.0,2.132109454897491,-0.9913861717380353,-0.6119633141291796,-0.028197234987448402,2.3459463159053295,0.41906634204177867,-0.14454656888845402
33,0.12179061156337816,0.477673195623315,-0.10424076770664889,-0.32508112475110473,-1.3594489146912205,2.8223025549047795,-0.747333268372866,0.60380576991727,2.5578689846057356,0.7929859036065778,-0.22938322736407998,-1.1596644288625375,-0.17102852530211898,0.7292786457963354,-0.9983865633042937,-0.34228049489406953,1.0175195517390607,0.9505248189714295,0.1272576146809521,-1.3484371432896844,-2.145341329601921,-2.62994607494097,1.9596394208766572,-0.4426342076886085,1.0512038141988347,0.5674757022675921,0.2797008713684949,-0.7526256250855737,-0.8930045741782396,0.7022351059259165,-0.2769244116315908,-0.3923133476007895,2.132109454897491,0.0,1.218467389976295,-0.23570817745039166,0.8499295335508633,-0.3532482025126531,-0.11101010532699171,0.023453917945289338
34,0.735751539134558,-1.3093594125309485,-1.3836953730200943,-0.22388572041407728,0.0904812255771199,-1.5199152714749546,-1.3970305502702915,-1.3039228592688956,-1.7088776851495553,0.7779019829946281,0.0032951623932539393,1.7395843710255818,-1.509304043151736,-0.14511229921884214,0.9974773292775634,1.0504701180605214,-0.11057379543829926,0.4783439610563816,0.45061086474995343,0.9756231918321681,0.5174101744627658,0.9937341521546543,-0.8983216136010742,-1.357266873594064,1.0746877276250983,-1.3477254416595073,2.085879585475724,0.25362016248641506,-0.03923211437069153,-1.4766358863856208,0.019852537662785365,-0.7643560499444577,-0.9913861717380353,1.218467389976295,0.0,0.6843415711921798,-1.283660371898685,1.1249485772415613,-1.1711891525569138,0.18187473410123325
35,0.8737094479007292,-0.4298080655643761,-0.5614642482728724,-1.2855869933224142,-0.20038560243093756,1.3037859411276442,1.3889720842917832,-1.3534809406457655,-1.4405698302539223,-0.4504104972867878,0.2667232711957089,1.3798298232729391,-0.5426850788996062,2.1175721743195903,-1.3355567446628875,-0.12322959308961437,1.4046726515215133,-0.20492344681428165,0.17516138634882988,-0.4399686091514212,0.6135305044376167,-0.8197488174718041,0.2548522134254669,-0.4988980398253249,1.2690873956842,0.6708827948085287,0.11856559269902617,0.2679168046897423,-0.49903143534017935,0.20937934045733012,-0.5816459030827333,-0.9357562299389758,-0.6119633141291796,-0.23570817745039166,0.6843415711921798,0.0,-0.6436944421926829,-0.6827972268478927,0.6399460643989169,-0.5902483003108666
36,-0.0306044317633667,-0.8037513494536497,0.7541612691519224,1.1415993501758315,-1.2617775708583534,0.07036235626630293,-0.7494389164518399,-1.8739716773684008,-0.13305308650295478,-0.07404553714668777,-0.33168986013930224,0.8796178208960863,0.8707154091073155,-0.08377650854508813,-0.15926495250214848,-0.1887874987800741,0.8208418814686966,-0.5496732066165108,0.8065315690489456,0.2268775376995231,-0.7089826845058105,0.9705131489495447,-1.3368560148516622,0.009851692658670815,1.508047424279746,-1.6111114585714312,1.902571622030718,-0.0657025339172377,0.33466811450324485,0.9658746146895304,1.8560423587960886,0.3316746909284258,-0.028197234987448402,0.8499295335508633,-1.283660371898685,-0.6436944421926829,0.0,1.377616489670691,0.9542145627720048,0.013030868476055472
37,-2.041883720151152,0.7849364475710765,-1.384723293007935,0.6238978718079689,1.2394468521816777,1.893330575816237,-1.6903382050548652,-1.0122340088548638,-1.607246262068841,-1.0786999782599371,0.6375698169235161,-0.9699203510313366,-0.795844707692963,-0.5001450161910238,1.1300161236955637,0.37226068392212514,0.49296348092194225,0.7792565076384886,-0.5898618025824947,-2.267819890062052,-0.39193004178944396,0.7495340002681468,0.20871694534459195,0.5644627043501952,-0.9002263637851894,-1.2813624376212984,0.024184330365239863,0.49945039771386274,0.2012543105292567,-2.2567596371258425,-1.1970429784836125,0.9459981675149252,2.3459463159053295,-0.3532482025126531,1.1249485772415613,-0.6827972268478927,1.377616489670691,0.0,-0.6806395126248748,0.7081283439354709
38,0.6022378678279886,0.20040681236604826,0.14739829059023649,-0.7057726802720165,1.023998381929948,1.1729199914055006,0.290585427309116,-0.06920559942577585,0.30081229162632717,-1.7016913211228493,1.0715711895234052,0.8103798910439582,-0.06433849617255741,1.138305555955776,-2.0930506782629554,0.6073652987054307,-0.6586107954645408,2.2981231564915783,-1.4652123414035387,-1.370608398969986,1.0104960382380899,0.017369962488376606,0.7204081708140889,-0.4720966951117067,1.193569108620707,-0.613327020278747,0.08295319344195945,0.7230720626576828,1.0906241463038238,-0.06470976485570315,0.01466841186490787,0.9466989264926028,0.41906634204177867,-0.11101010532699171,-1.1711891525569138,0.6399460643989169,0.9542145627720048,-0.6806395126248748,0.0,-0.006054995212099783
39,-0.005098449823465722,-0.14853462285711436,-0.17258446138377506,0.533826410479747,-0.5769228503647831,0.37627655448387853,0.9550342267104792,2.148132747436246,0.4409837717200693,1.8106204495188527,0.576688509800185,-0.5192630563613019,-0.36996056600616084,-0.39113135634663443,1.0848200927675307,0.7756915385404579,0.10416389091688401,0.6763302090465112,1.057860544213001,-0.16480561369759678,-0.21137578235613583,1.5496618668561346,-0.019420027236044527,-3.3431958563503836,-0.012816287688876066,-0.966608523227148,0.04016332778549997,0.06539685178972449,-0.6229277146887899,-0.1799285995151847,-0.5392543252297293,0.23855598412265175,-0.14454656888845402,0.023453917945289338,0.18187473410123325,-0.5902483003108666,0.013030868476055472,0.7081283439354709,-0.006054995212099783,0.0
