,0,1,2,3,4,5,6,7,8,9,10,11,12,13,14,15,16,17,18,19,20,21,22,23,24,25,26,27,28,29,30,31,32,33,34,35,36,37,38,39,40,41,42,43,44,45,46,47,48,49,50,51,52,53,54,55,56,57,58,59,60,61,62,63,64,65,66,67,68,69,70,71,72,73,74,75,76,77,78,79,80,81,82,83,84,85,86,87,88,89,90,91,92,93,94,95,96,97,98,99,100,101,102,103,104,105,106,107,108,109,110,111,112,113,114,115,116,117,118
0,0.0,-0.3073244963370648,-1.0288785883637,0.8812015226556069,-0.9093109005638327,0.01292738560101946,0.557634979149618,0.8835006639614267,0.015861205456541277,0.6723080254726844,0.46341682884821056,-0.9503493917414773,-0.3392486933812527,-0.048889339700298046,-0.7134595653034472,0.7821332523658001,0.5874207318244077,-1.5181249247944544,0.14286460671966095,-0.4789449276679972,0.8443985763860952,-0.004423253916920942,0.17131798839842255,-1.4629129975828834,-0.11915924822823969,-0.9711240940743386,-0.9365779285182072,1.751984610309773,-1.44946893576239,0.3217081659542756,-1.5480059296920001,-0.6780246702518478,-0.6562490376761277,0.6694287301542371,-0.5783628583380694,0.2611319554361727,-0.4615278441934063,0.7291659635703651,-0.7849824888874096,0.08213511938174355,0.0029337710267606527,0.25640759575566124,-1.027399276203554,-1.715270632504781,0.5267088653627662,-0.26163102172517677,1.222260782114151,-0.2955013113607188,-1.1703742593153061,-0.23727307617851195,-0.24819449658248183,-0.15401200319254618,-0.7888347515228771,-0.7093798641448904,-1.086429528842652,-0.7872786539177977,1.3072831433963283,-0.10932897876397217,1.2218012875147344,0.8424362189890663,0.6576821214143004,1.2877745794141504,-0.3484345727582982,0.3100821146619821,0.36492554502249824,-0.2710848978962256,0.645498033567142,-1.5756321144459944,0.5191570768208096,1.1202664130246385,0.23714286005035443,-1.4465108967416929,-0.3944062407945075,0.24305555443803398,-0.15695787441896739,-0.18801428985995233,1.9525166444004907,1.6927157683614162,-1.4084211942040366,0.7369264446278573,-0.37517039458992857,-0.8924505147228803,1.821240979977909,1.3104254073617254,-0.597937926426441,-1.962481885552718,-0.09766191813782812,-0.6570217106208117,-0.6318202342630876,-1.8667256106287264,-0.5184287117244422,0.7277213192172263,0.562641467872256,0.4574776695692534,0.6961366400501845,-0.13548103058696068,1.129553308820746,-0.3763196988464364,-0.4516934294987367,0.4407756088205771,-0.8391634450783678,-0.4658923559440969,-0.31873858723922166,-0.2978429899707487,0.8599758394581194,0.021131311402537087,1.1656659430676428,-0.6071424025855688,0.1768162328663718,1.2044961022935254,-0.26637395207113956,0.09239624122444541,0.40590854691935074,0.5488528933698833,-0.6729615277030431,0.529588730266693,1.6027249381829445,-1.9057423180966437,0.23052322681704562
1,-0.3073244963370648,0.0,-0.6645339185027832,-1.0876447347705673,-0.3658850592639623,1.0288389450335904,1.8199389597870246,-1.3337486834114896,-0.2992004083797199,-0.3272001348167167,0.4568910812137113,0.5959323376704876,0.10368389505799126,-1.181941037310513,0.7739043081081732,1.415659519614855,1.0396962669128589,1.3668552040748572,-0.7553325216385585,0.33119863262567867,-0.2087521529066035,0.2248984656065772,-1.1644777334542928,0.85249634636224,-0.14606512627288792,-0.2502229330497876,-0.16190702628706646,1.2622712418833026,-0.08627553203318788,0.7906803604116757,3.3373084222837606,1.1878540440448495,-1.6443440509512415,-0.885321491781438,1.5316132520803716,0.47677525454492553,-0.5462069035947376,0.45276917862007926,0.170726596333443,1.4446350877055463,1.8741429141170538,1.212670423976214,-1.4527596592369179,1.0775785764415788,0.8568320674078015,-0.5540839180696762,0.2798601449578905,1.008485640890037,0.6538398114310755,0.6969961064279395,-0.2951640874373831,0.36387907714827483,0.6909452049564052,1.7259071480072843,-1.0483528157330348,1.1339015685761282,0.9576454556603063,0.6803720221076927,-1.7559903513761952,0.2846548023327254,-1.3351391028458035,0.0009521570388417882,0.16260241888911464,0.2540645113184038,-1.091562063131676,1.5365973017688541,-0.6835315572362428,-0.9296778031529054,-1.045169304755959,0.3384519858010257,-0.5625304121634541,-0.72995545800205,-0.2962218279990898,1.9750725337614585,0.5755831373755188,0.8857086903602458,-2.1020320063158415,-0.847351613230277,-0.9974049253208342,0.49290566813335207,-1.340142015221225,-1.5815044396124682,0.38706184075781636,-1.1532072431917462,0.07254007137144433,0.3136372743303547,-2.0081570363604406,-1.1532114532978484,-1.1918137166117824,-1.183688113698635,0.053445688352084665,0.05336390926490117,1.0249747771482984,0.23897916658534094,-0.7715255381262447,-0.5061895590466642,2.0624055655858182,0.4485414049682789,0.5270320749073031,0.5366535810419873,0.44298255615249615,-0.2324818882113345,-0.22714388068556385,0.007233738433776303,-0.054435429016780355,0.5646891452353455,0.0679574553512769,-0.999969102000416,-0.4788937981585219,0.13457756181758693,0.8987754511046785,0.5356088234074028,-0.7492859639537923,0.20464254703530113,-0.39132531710574603,-0.39578678850004184,-1.3569076276754912,-0.5669883194381089,-0.07869855970726385
2,-1.0288785883637,-0.6645339185027832,0.0,-0.9969799552861555,0.4089010720655982,-0.3751626654124365,1.622511363279666,0.2815496291023482,-0.49385873076953907,-1.3724178694717417,-1.859693845291261,0.6412881800379248,-1.554779410706503,-0.8947689494871242,-0.47191785085823573,0.16044588366086296,0.8418339501536948,0.36587495607068854,0.570688705538294,0.9506376417458666,0.37302125712667217,1.6936188636541671,1.7845665335597833,-0.6795457321228466,-2.29617915229678,-0.4737395767829605,0.5184218044157123,-0.2445868227212136,-0.42163562971112883,0.627433894120131,-0.7414771809165829,1.411694792359035,-1.5021063782278805,-0.6304913707324422,-1.2076610224060187,-0.5070604229409248,-0.6674074946153934,-0.15829717059141113,1.065974518527456,0.22832011276557576,-1.2704631260323818,1.475178055007946,1.261465379825474,-0.475882569695783,1.1631817242231834,-1.2738818730007384,0.22697210198820567,-0.5223560934394739,0.7237959604583651,-0.39211347593916124,0.5193684604544969,-0.046273107823279314,0.5320867125014983,0.6524586713029739,0.11102503291311427,-0.2533257735071205,1.0262955020891282,-0.2883091616565965,2.0366984293211923,0.19480067549589766,0.32753091313309873,-2.045838877572608,1.736231842889125,-0.014347303213748141,-1.3553674380101097,1.1675875987593685,0.6649878429238729,0.7635880076772723,-0.27161955900458173,1.0766780615254825,0.5094131347091518,-2.074623375041285,0.26106449142788574,0.6814598171522754,-0.47609369355625347,-0.5824774126064345,0.5320095462361686,-0.6195212119109467,0.569487556040921,0.2596883047343136,-1.55277616410532,-0.5265960814557602,-0.6853067528507596,0.18143271284287948,1.1358572139367802,1.6682207123706645,0.7957587671787364,-0.02120724051858786,0.3092939409398269,2.2845059591557826,1.0594726611406318,-1.1527649933974446,0.735625055619668,-1.2438593358496035,-0.4653014323790346,-1.2390376557414646,0.6005362810226202,-0.27598650975637556,-0.9112304767142391,2.214660293763465,-0.6411963998898245,1.7447092363881815,0.22998278659711077,0.987323433646336,1.472883211166559,-1.6797864102893159,0.9524765824443402,-1.128741267554814,0.5266071483755986,-1.6520176997145295,1.519943586976811,-0.6816778291747589,-0.3336220593878563,1.5922732659180576,-1.1663028767035906,0.3087137231288249,-0.5637709483419047,0.47641985004039544,-0.2646079470517086
3,0.8812015226556069,-1.0876447347705673,-0.9969799552861555,0.0,-0.9113704089040366,1.7471168698977848,-0.2480997858850582,0.9240166175994697,-1.237883202406168,-1.119036550127495,-0.7371845859445628,-0.10557141395682522,-0.9360907102945297,-1.6238528727992054,-1.2846337273336805,0.19220167952795203,0.23800520647490633,-1.117761759123102,-0.9958116754267458,0.6635604334188889,0.6965935524947517,-0.1789098543243591,-0.43419107139696084,1.32930369961274,0.4201332134352576,2.0386583067939044,0.025020232647725186,0.3586583078776859,0.3573714576429813,1.3731477341614309,-0.15552046236012307,0.7080933717158745,-0.27515759834073017,-0.24532219734962102,-2.2018220270897313,-1.7768906358899108,0.02384547195554419,-0.27334975638024234,0.8268782782613632,-0.5013247488447221,-0.32076190573453767,0.1995666259644964,1.7320568706722206,-0.989982444743864,0.05784317389381472,-1.0328485081522907,-1.5030237255571917,-0.24202059826886846,-0.009297391733908532,-1.1770084321982417,0.16383190022546615,-1.4124957525098438,0.16036651378649674,-1.6227372580600938,-0.8786459001520485,-0.525990452556076,-0.18369082472335752,-1.204517262367716,-0.6778785010008632,0.6881899239335073,-0.23236622641527357,-1.0236460853656626,-1.3401967293398176,0.4884481162854146,-0.8617050644206513,-0.6688541551609315,-0.8058404800064368,-0.6608926934080879,0.9170133490727096,-1.1366810177058333,1.9658193616796018,1.2158907946167117,-0.9780186507759658,-0.3386654997302094,-0.41772483867362736,-0.4706940869477604,-0.5866074647757247,-0.7142152241815894,-1.2975860769054555,1.521211585197658,-0.7203102166998588,-0.5014442034488727,1.3143796462208086,-0.6027824750954573,1.7530101927758692,0.46798485451462535,0.42312836636545403,2.4983497588323953,1.0486363863684245,-0.5874906575907,0.7536004741819847,0.04147909960982802,-1.6731034033945997,-1.3891705890585653,1.050869766426409,-2.129666984508653,-1.097856109311918,0.3008127600708802,-0.4081615700332172,-2.0494048622971253,-0.7904996426668449,0.09073220027506017,-0.06952932564849704,-0.2901096640119205,0.15052238623769104,-0.5376745087447949,-0.06328658030227031,0.7850810851751985,0.14604510461491532,0.646012605191068,-0.60446153391359,-0.25799479127001357,-0.41085665895178614,0.3073247606762641,0.8846676291168823,-1.2331917304696698,0.9703450935764536,1.6495617205743416,1.0223422018390182
4,-0.9093109005638327,-0.3658850592639623,0.4089010720655982,-0.9113704089040366,0.0,-0.31408175347118006,0.31838886616385675,-0.014614775925691202,0.9863763302784441,-1.1200025327252565,-0.4564601300819044,-0.09494754682262521,0.13246201738949107,0.8801879322302922,1.199432837437964,-2.1794922740877842,-0.6553267147659485,0.034957331931881865,0.5682521496145095,1.494799561449253,-0.23255234009996037,0.3614060341258155,1.6385070155780368,-0.10113247652507786,-0.14529171894375004,-2.3396805507494727,-0.7204847754777473,-0.2234308817278612,0.20386306813189806,-0.30248387669680443,-0.7908803482126039,-1.451497007689658,-0.448280575593345,0.7800444400052403,0.029444240328256745,0.5386287598466242,1.3399016005177433,0.9551666914797206,0.056694586352634004,-1.5386388391329657,0.584777508438292,0.8217592558725428,-0.18701804347378534,-1.6905454771145663,0.7638181628707474,-0.9959354305047038,0.031656834673915495,0.6288522557201064,0.380815455776428,-1.586427673730191,0.37744751532170945,0.18329542841991836,1.3034549386312453,0.41336260249820195,1.5309623790005153,1.060038092077056,0.500868330980392,0.3429397276424454,-0.9572749938220486,0.04278325852043782,0.056713773878931055,0.017346458551566055,-0.37258999166491646,-0.09798838867839607,1.2806200394379827,0.9354635540668768,-0.008610781779019763,-0.12346248926190842,-1.1319671625060175,0.9284243966044132,1.0779410581647566,0.4495060277403236,1.4179003707295639,-0.22514195373384085,1.191166196593397,-1.2527217310439052,0.1598280096440718,-1.2166896614938223,-0.14933627089975046,1.3636210959646198,2.0857035093881837,-0.3393199580738832,0.6830924358177543,0.2869958754623307,-1.295482999493078,1.166059897403295,0.1534229098147812,-0.20646127199006473,0.5584444389835269,1.196328539011204,0.06320957522632144,-1.3491712999470038,0.28419999785380784,1.8205260244915398,-0.5716045054613207,-0.14921473071708757,0.1302266276746445,-1.2916199318022221,1.2057974119372639,1.0771433378188948,-1.4097540804083502,0.3914725214341372,-0.23684189484027593,-0.33159885590780763,0.530477704863377,1.1089747541128254,0.7181062708899559,0.16492850924332497,-0.49915579596230963,-1.6109649763405374,0.1401864426329291,0.538558772777093,-0.9760566048553221,-0.14940225277095473,-0.31916885917122445,-1.007844871876336,-1.68724773424628,-0.8941721151297018,-0.6088302784810593
5,0.01292738560101946,1.0288389450335904,-0.3751626654124365,1.7471168698977848,-0.31408175347118006,0.0,0.244845438973778,-0.4138215648531286,-0.7198584326016549,0.18322924452196046,0.6526306664394905,0.15860598394646455,0.07418853225493191,-0.3479344246173565,1.2896477566301958,-0.021537584978561782,0.20800831920615157,-0.3832291395928994,0.7926222332126965,-0.07475453970445058,0.55427433760706,-1.202923591342914,-0.5516177388747643,0.7770274071648196,0.3692478653957697,0.4194961506651613,-1.0497020850431222,1.7135151183447497,-0.7584988779953896,0.1475085947350819,-0.44867733611436056,0.43018919760563196,0.7654591604973064,0.15106351955999126,0.90476907194584,2.496974600431673,0.5773953507538233,0.17929155995742174,-1.4914955268336554,0.8559254311444654,0.13135802270580207,-0.8040757064459804,-1.333923329687817,1.3262295424569217,1.3267106558859596,0.3981480944154771,1.0141379987509254,-1.2477572690765104,-1.2825164887924194,-0.90282940978269,1.702385465614566,0.4943456447219342,0.8883653720707153,-1.7215400817114856,0.7422841041789575,-1.281132066528299,-0.6393966436741686,1.687719508611221,0.6864869258794648,-1.315822928573789,-0.48012148087049733,0.4210926375403893,-1.039152575938853,-0.022130584651432902,0.31812692983969365,0.7417986196802467,-0.5861007266015962,-0.965043088585059,0.7329252300039988,0.333917199583133,-0.8818817112896171,-0.33231152206265235,0.13384075627180383,-0.7687895646031446,-0.8192371401560553,-1.5216545148369514,-0.5007620933970065,1.738511688162418,-0.8014153232464182,-0.8301312954112038,-1.1295047982135276,0.7490923238283924,1.9775612657421662,0.24691202621422398,-1.465678780997827,-0.8493382394554799,0.16222163434914982,1.2637924909986966,-0.5397431803537943,1.3056580923597945,-0.7685583595634323,-1.0944587242442458,0.004749586223249179,-0.12336042062619175,-1.8315675629958652,0.5374297032945194,0.3011369987853229,0.21516878400422154,-2.039134224735523,-1.0253965033296004,-0.08207159895007494,0.702225362692838,0.538075507152469,0.9599348793099616,1.1809280221182556,-0.3190740138225137,0.07270850921696642,-0.14261423789799713,0.9015828587168982,-1.0764152055467988,0.11843891498228569,1.3972575614582277,0.08618252372964669,-1.2871705506862352,1.2780818507146932,-0.27810211708307603,0.23241846490507317,-0.04321423621762388,-2.9179363323676726
6,0.557634979149618,1.8199389597870246,1.622511363279666,-0.2480997858850582,0.31838886616385675,0.244845438973778,0.0,1.1816452538211228,1.9648886214849648,-1.0980449917538089,1.3614359043944437,0.3907841616946816,0.12481004985006412,-1.402226097975754,-0.45516798038613815,0.41316973085161973,-0.9343272249036388,-0.4090207249882024,1.2266421442802573,0.28978990301502383,1.3774732033235004,0.30723236773844836,-0.3692667212369684,-0.17530401664678044,0.9217765084728258,0.1477424890399296,0.5949510437400669,0.8357505510060088,0.3248018620913785,-1.2439229809457573,-0.874086061217499,1.3009166816572137,0.5858878764602223,1.550794665062017,1.1867443168348515,-0.22298204309887767,0.21226383814913716,-0.690814398950978,1.3890764580242159,1.4874003097266946,0.4431792074760042,-0.964165129207981,0.6749687599504818,-0.6613505123689967,-0.2655350418907558,-1.0005337257660938,-1.7627994539982845,0.6839198102320921,0.7759985215376465,-2.5836528323649928,0.6451296344030356,1.1905239101596685,-0.9606761481624558,1.5404580196673059,-0.030112463322638408,0.23393037538023234,-0.4651880506392481,0.3421578960298563,0.924324619174524,-0.9584437861619401,0.1851136305646165,-0.34403214616845357,1.6687856932549352,-1.0966961043930437,-1.6422386106731812,0.8184953761217001,-0.3451901501612439,-0.06258883790295497,0.5583008123376972,-0.3154119980968286,-1.7985100669987066,-0.0031084903395235926,0.18788290314107275,-0.24205742110416956,2.5267455768056397,0.448406082542337,0.4475393388946046,0.08021155227137892,1.1103816775739705,-0.56842923990435,-2.8538687148596713,-0.9560753078217453,-0.24742557354478922,0.06438445747524446,0.36930787072579296,-0.3730518907172266,1.6835316678921364,-0.2272665049373521,-0.5688143672946357,0.9711115051963146,-1.4631519363660175,0.3088925914521652,0.7963601598175618,-0.0430541618741124,0.4147589222711733,-1.3740853745584172,-1.2375567340596747,-0.8040103757949457,-0.40342641670622487,-0.03489771163135977,0.982224493573333,1.25717233351642,2.4540244588246463,2.744372144478882,0.48417269550505226,0.20028752126491386,0.24503933561847063,0.026478337276475482,1.4625851947366004,0.1285108541521591,-0.4006595849818088,-0.4646228632543377,0.8336420351404459,-2.6513442562235614,0.18398658262794798,1.3557262572901236,-1.2132728730113163,-0.9366180382528766,0.4043531536107087
7,0.8835006639614267,-1.3337486834114896,0.2815496291023482,0.9240166175994697,-0.014614775925691202,-0.4138215648531286,1.1816452538211228,0.0,-1.930632788381063,-0.7845324272269926,-0.17145368798603772,1.228533343875246,1.041574746922782,0.544712514929143,-0.26302203957050163,-0.9330930038405892,1.1263533806879176,0.22400894944973962,-0.827413295159687,-1.308850893007714,1.4872217006729205,0.016143092816137166,0.5290656677245222,0.5909879624678899,1.2006828283760174,-0.12341249554060797,-1.4955224558112308,-0.8775762892196252,-0.49736687827839526,-0.3054254422183608,-0.32519782438340317,1.6210636507384473,1.3931384042580024,0.19434785136385554,0.09762605831482546,0.3304219300661895,0.6215259317095605,-0.698976838791223,-0.8389496903645935,-0.5268804147180207,-0.9644077781455551,0.18880607334361257,1.4287437287062028,-0.3860057029822417,-0.42403204755125445,-0.07276335704548403,-0.7617254053062759,0.696571806116418,-0.8125852152681018,0.9229531044501216,3.3390092197730716,-0.3441276779353674,0.14919123886296334,-1.5216765286210299,-0.2578947879953082,-0.9619509570222072,1.4792758801892751,1.1463405762509613,1.727326329891938,2.19525974683924,0.7180751287099959,-1.299569006475042,1.042595131653051,0.16790936109172472,0.48683024688824766,0.5530546871588203,-0.11097009552615228,0.5759790564194095,0.9774745737641556,1.5407892566617054,-1.5556144174361715,0.8574005006575458,0.39244232190163925,-0.3045457341144964,0.08996905021064222,-0.6428402957298446,1.2883974908792704,1.021133296776571,-0.06856836194498804,0.2921173299321091,0.7368977956969702,-1.9101401475680109,0.24859034895459287,-1.1225278812554438,-1.1639408695774998,0.9030602156912724,-0.421123862189023,0.2074262513011377,-0.7414034224788916,1.0309900035653587,-0.678897081352076,-2.2430872703780205,-0.3746672486169727,0.7056141424145889,-0.40384736618168365,1.4640151614456896,-0.7336492750857656,-1.1558895976074848,0.5016433118437962,-0.8880128366107282,-1.0305480940773126,0.6562970885200266,0.2738156398863233,0.39795627708183556,-0.9124045003047168,0.6054076715369682,0.22743821480755333,1.258419005837748,0.9461142277788195,1.267672409744357,-0.6901014629696187,-0.19513351126987996,-0.8194136048997244,-0.8750246725932972,0.9759065412380341,-1.015111223735841,-0.5331378986193902,1.7707564467172259,-0.8433292422175217
8,0.015861205456541277,-0.2992004083797199,-0.49385873076953907,-1.237883202406168,0.9863763302784441,-0.7198584326016549,1.9648886214849648,-1.930632788381063,0.0,-0.15842635336197627,0.029148200410282574,0.3874431480035423,1.696512086947992,-0.33557573468263624,1.2770370836041371,-1.4761347092439248,-1.320224151765753,-0.5056385623226993,-0.14329908928137278,0.8216144562296992,0.07041672200601395,-0.012929209672925263,1.441162072239403,1.0976858361022301,0.9019961721638405,-0.36350261244133003,0.12157718109080454,0.4819969505991063,-0.04516122795622081,1.7054446037817796,-1.4232179820726765,1.5673801749912373,0.46371960591219236,0.5554393665972747,1.5039389466054698,0.25204339068420434,0.7545565804686293,-1.5664993915266083,-0.8091677329574063,2.2294847551086323,1.0185333617345145,0.8292810625792232,-0.05384017907664285,-0.8422469527040344,0.8263216016894966,-0.6868361342396158,-0.02276415758625523,0.6724655030755599,-0.21155548560089893,1.273106919285921,0.3781175261901619,0.9036606851946938,-0.03910204325727158,0.09714381046774956,1.5279319190239606,0.9850868587609143,-0.20653852687659294,1.5380109387107466,0.826265245004696,1.0959581310048387,-1.8230790923640658,0.9440231448499863,2.4335892605933322,-0.18447287085982608,-0.6783019926842296,0.3092145167275784,-0.13325437249739153,-0.2727520271546723,1.0156335936123,-0.296699130189907,0.4679750151512949,1.6028495594837926,0.5192134843985344,-1.004064433985509,-0.779856301952532,-0.5682567147223809,-0.07521290182083602,-1.2096654928172836,-1.1802134228752645,0.5381802260921692,0.17482620295610232,-1.2501234542951878,1.3853330310605583,1.3734130912344793,0.25791725534846116,-0.9553592822690828,0.42002946842606176,-0.6011591571868382,0.9958975630743386,-0.9139502960310442,0.19988374799818462,0.28053662026551823,1.7585698511771357,-1.1034950982051623,-0.6593260885041737,-0.6929464195254863,-0.14041380269796178,1.8864204398165318,-0.8980107236835176,2.7303618620298615,1.5289732795202995,0.1875848325500845,-0.27850259261946375,-1.4637793073076715,0.20781687103247998,0.2807329211854993,1.9140462959096691,0.27156313100232937,-0.9391966622309964,-1.1956933329526913,0.6535252197217006,-1.5259106094418469,0.0829456213649713,-0.8322439743633288,0.5239230570292397,0.7786243920492657,1.3057645041359134,2.176724411887843,-1.31312974313674
9,0.6723080254726844,-0.3272001348167167,-1.3724178694717417,-1.119036550127495,-1.1200025327252565,0.18322924452196046,-1.0980449917538089,-0.7845324272269926,-0.15842635336197627,0.0,1.974601325651943,0.5263420507500512,0.577112284091842,-0.8235801996501824,0.34348290600957176,-1.7213395949568246,0.4302768512758653,1.2890134835008866,-0.2914187867061444,-0.9766461293340344,-1.487201967984893,0.3040991601119268,0.8599170272235069,-1.025645700155201,0.5656821796354105,2.1218626616563707,0.006921251686103835,1.0367949405868455,0.30419028709826174,-0.11857587442759261,-0.5763844680877076,1.2109598985615484,-0.6918882896715424,1.2158200210958412,-0.1512117430108437,-1.7381038754265548,-0.5747770490851816,0.7708005654299543,-0.5448932900964163,0.3222939660654709,-0.5113322521936589,-1.0561092742133296,-0.31573134184911805,-0.2665695489022725,-0.2850194862946521,0.43275888853318106,-0.09677734685001838,0.7467737260118008,0.5377025569350895,-0.281520318302832,-0.3836490586292956,0.473439274026398,0.32596385686586715,0.2690827602544781,-1.3227105548291815,-0.1504944405853274,0.7017546838606735,1.0916682248917682,-1.9084283555697776,-1.2747355181968016,0.38418842887025423,0.6517385396755759,0.7792319733288905,0.0663582562426674,0.9348980394504602,1.813707436238544,0.6498239831612063,0.3608459682456613,-0.39548919705900953,0.7827099411361462,0.3714840892941043,1.3427299538131081,0.09745935378024986,-0.6171600832611838,0.5813296310120444,0.25288571485844097,2.253809105505356,1.8513446893036805,-0.3357273725473405,1.1359037798931502,-0.6039776430386361,-0.1882410863306251,0.10108249752189452,-0.0836726980060573,-0.32618440050142533,0.11923015849938437,-0.4932180720523758,0.2270415471212062,0.1307946555779642,1.8793815729208678,0.43015059268277833,-1.6254777899044186,1.3732209740340413,-1.626185952526875,-1.1440606961686646,-0.19051693939658426,1.1275412627045753,0.9412981916819291,-1.2260249371521412,-0.9325219255264653,-0.35558745963544763,-0.5873445063312016,0.7063847083710999,-0.10418195429163707,-1.0141201050765751,0.2562612762099401,1.0449818626797194,0.013632992342877872,-1.102254201256343,1.351694396571032,-0.2518545882757396,1.8920295214833176,-0.8630954182527647,-0.9742083827243164,-0.4292553829732468,0.13340855114581468,1.9383400304123766,1.016154904600136,-0.09620725210975355
10,0.46341682884821056,0.4568910812137113,-1.859693845291261,-0.7371845859445628,-0.4564601300819044,0.6526306664394905,1.3614359043944437,-0.17145368798603772,0.029148200410282574,1.974601325651943,0.0,0.3499777432340737,-0.7183189534171969,-1.4596423772854992,0.5021158007016069,0.818717314915298,1.445581370284164,-1.8905470639593394,1.3041166254429117,-1.21620654232049,-0.01462372529505947,0.5636772891244066,1.1318066191726162,0.3765394333324203,1.7320211434355455,-0.3874915432097342,0.7698683540115645,1.6544100940186084,0.038101617772885635,-0.25701450373362844,0.33194601553539016,-0.48970308062548507,2.4801464658145296,-1.3418986728749074,-0.4280909691618144,0.06757744850600689,-0.7709230085168257,0.33071391247725845,1.0643037032902665,0.8329193488359194,-0.47628463434924856,1.2244795668286603,0.34918858785818985,-0.10235260987093107,0.9220757214780645,-1.4461543897986444,0.005023352120303501,-0.09761946555712618,0.2749258747844152,0.6131788489470507,0.6857645995814381,-1.653836323566395,0.35551985131319275,0.08918611949656345,1.2732629927820136,-0.8004087830636515,0.4381246055822418,0.17356258757189977,-0.4290246519141177,0.620891450656772,0.5328965566607823,-0.5459079617104344,-2.2432472584787564,0.11094322090024232,1.0872730009032079,0.19288483236806597,1.3304255677519736,0.7528726936237657,0.570786192951397,1.2923428078373316,-0.37092164263482913,-1.0854699321878805,0.2473758814988216,-1.5174002568225942,0.732462108784033,0.8607947506980705,-0.3370984303557379,0.6616873192323738,-0.05613087534114849,-1.4754547390674286,-0.9301789232879087,0.12311789085013665,-0.11038713253465066,-1.523482577579505,-0.3149708434667822,0.09751242558324362,-1.7765913653090246,-0.23295701373017538,-0.03435205765318453,1.5672786089316364,1.838455640554862,-1.0963708581941063,-1.3119145518823354,-1.0903628229169247,-0.08527542209665602,1.3548926526644103,2.119059396939234,1.7493880141062628,1.8031960424538915,0.6727059286609308,-0.4576609123232285,-0.38442322285060165,-1.6810474776315152,-0.8364775196298463,1.7295928910914744,-0.4653563687641019,2.5787920193870444,-0.553919909694948,-0.7794539162768606,-0.6208857303183037,-0.10233079980207223,-0.12889437173832088,-0.5912311008068045,0.2467121263862388,-0.43706405736023174,0.34572491622817925,2.4868512755389265,-1.0362303286907857,-0.025461068697383963
11,-0.9503493917414773,0.5959323376704876,0.6412881800379248,-0.10557141395682522,-0.09494754682262521,0.15860598394646455,0.3907841616946816,1.228533343875246,0.3874431480035423,0.5263420507500512,0.3499777432340737,0.0,-0.835087585677689,-0.2284281745635342,0.42342897581841704,0.39869011069107785,-1.9905572219369543,-0.0021545272213113367,-1.1585926753354174,1.1779477463104298,1.12351706849493,-0.35325116054989514,1.9268409492941472,-0.2987783122951824,0.77211748294079,0.039996557485649724,0.38894827035384294,0.5108672404500193,-1.2447990766387178,0.8167716902933886,1.2838221457389376,0.9855616602404117,-1.1892563132819398,-1.0964936606090432,1.3245421104868,0.6436103645020241,-1.6290242624015572,1.0107954980534548,0.7758378122676989,0.5579700997911466,-2.3512353293269914,-0.7950438959850219,1.8129003996034332,1.4779492441787097,0.5413844101166563,0.7864741937706794,-1.2920235944109364,2.523601597268908,1.884211611508629,-0.4476733437079062,-0.6667333370689504,-0.8593492729927248,0.43638467471088577,-0.14753272000884546,-0.9525646595307609,0.2990305035425669,1.2077476803623226,-0.6692920963294451,-0.9325250045818411,1.176079484856246,1.0809082866607227,-2.2367984600509834,-0.03209690973306562,-0.3048281836793886,0.8091080002670209,0.5336997372193023,0.6886927502983037,-1.5639649244495846,-1.2077902299688652,1.1087596789821692,1.2086002750966618,-2.717880405479599,0.2576381172725076,0.4574235067825604,-0.917750608748097,1.0755466867822252,-0.9752934648186236,0.7981174268593197,-0.6563095524890691,-0.9926544138958738,0.35752473757275643,0.5708348207246249,-0.01589483564803818,-2.7016754301937858,1.2365217287371726,0.3490366356320098,-1.3025711072814417,0.2221954211842575,-1.241976065811088,1.1419282883101716,0.9380806235536084,0.09609333364889235,-0.5710770423103577,0.966635924625611,-1.393868177035272,1.3651587976685815,-1.632422347670006,0.6767601744190188,1.7758387560850908,0.6548679240159706,0.6473862029301811,0.29780636246656456,-1.4130475176880994,0.3574296960655432,0.7853280946797655,-1.2193516961837196,0.4852999575898407,0.664896001492325,-1.3994364839485363,-0.02216125730405995,0.7324909924841702,0.9725995728140838,-0.6465852107532664,0.13464525023133483,-0.5485095792258249,-0.10477745773155561,1.5309391686462868,-1.33191187808393,-1.2688448528674714
12,-0.3392486933812527,0.10368389505799126,-1.554779410706503,-0.9360907102945297,0.13246201738949107,0.07418853225493191,0.12481004985006412,1.041574746922782,1.696512086947992,0.577112284091842,-0.7183189534171969,-0.835087585677689,0.0,0.462897528863997,-0.8876657876163435,0.9511774448045219,2.1834708011411283,0.7222426866688045,-0.6047735518208527,0.4361444455192071,-0.09448692670488781,-1.034032037812653,-2.2420653348963566,1.7177373993196683,-0.4395580452724742,-0.36525670528738385,-0.013148151798272091,0.16463261153428316,0.6296780909835811,0.7474891340749411,0.5837256729422762,-1.028492368779257,0.23655586451430916,-2.168445063751202,0.8391550498966162,1.2489026774305692,-0.9628790146479217,-1.1327236598114583,0.26565405215390747,0.010001096361985396,0.7147385387339916,-0.17445048948106773,-1.2323135318961163,1.393466088846928,-0.4284070272404513,0.18653716353076247,-0.1933574779788617,0.6784221069982895,1.2470930772451274,-1.5803537810941388,-1.132120111070463,1.4129499490634825,0.0019658182791899926,-1.5903929359888915,-0.6547341665658213,-0.1712444662394618,-0.47832710096808795,-0.3706997708996884,1.1781430669844422,0.12348887026722778,-0.6337472496280935,-0.7775951399562651,-0.21442581847925146,-0.9666758560588109,0.9376897371410352,-2.620965222430633,-0.23006125593560914,-0.15503140989640363,1.201168981852097,0.9602800673355207,0.18896782693184905,0.2602685600044563,1.1350500465978615,0.9175262960158734,1.1872899970182977,-0.3864645988151313,0.7869053912538794,-1.1475834792758304,-1.1041196884448867,0.08748631403231423,0.3810104096043912,0.10315032311711414,-2.008930577079401,0.26467587316920305,1.1435628092029892,-0.02264906712837406,1.0692430499518988,-0.08531799019971552,-0.5254607417287637,-0.24004840910872616,-1.415779916014198,-0.5512122534683855,0.6763065828961545,-1.1122656792363808,-0.9314204330766076,0.6105043417698938,0.12605907679870715,-0.05577609692588714,-0.2884235940080026,-0.9419819955109328,0.8377395671362421,0.487838684540326,1.4131574611327178,0.15223365198830324,0.09682659792379314,0.9454130127641105,-1.5719965607165065,-0.4825512388970248,-0.24604131748473493,-0.1054153462964481,1.0683691334574594,1.9002574459893007,-1.3525410548138481,-1.4192073275830859,-1.110924856049134,0.31893160110272356,-0.5205316066597167,-0.027874333240609495,0.24600111903601127
13,-0.048889339700298046,-1.181941037310513,-0.8947689494871242,-1.6238528727992054,0.8801879322302922,-0.3479344246173565,-1.402226097975754,0.544712514929143,-0.33557573468263624,-0.8235801996501824,-1.4596423772854992,-0.2284281745635342,0.462897528863997,0.0,-0.21849352285005375,0.8116398841401299,1.300573463591695,0.9838646534696343,0.08803251786966095,-0.8664981170238855,-0.049188747959698714,-0.7065277777426924,-0.35737692754514233,-0.08414487546757725,0.44792262552045814,2.291387182880886,-0.9043285881706719,0.4806341240079913,-0.17866750839057505,0.32585591534111397,0.9197176725407161,1.3935512711033795,0.8353561732394972,-1.7585717459079275,-0.9076177729982003,0.2652395916753123,-0.6272005532564927,1.0923909545247776,1.2322767544170117,-0.8009633521838511,0.0027755005323392232,1.810648220260701,0.08678472629203961,2.139463709545634,1.306915053193068,1.1176239339940421,-0.013534267221406913,-1.3568956879925804,-0.38813076996173856,-0.9121839243711414,-0.36647809122701314,-1.6882898580910466,0.2836156314365056,0.44588248807220443,0.02280476616369776,-0.49977229989418864,0.9812870577938788,-1.1286702874330938,1.3482324551826053,0.7423615590345805,-0.22093368534312224,0.010872698760146304,-1.2440656460263957,-1.4156837011967156,-1.386187628359078,-0.044218990098759806,0.3410118669794819,-1.6173827504561011,-0.2562907706800398,1.2259587613184015,-0.5016658654015852,1.4675304118147263,-0.8442880386321242,-0.11531362196992755,0.7686240853999555,0.5983510502375827,1.8464702825946842,1.340624174114097,0.30709373717509086,0.3305002750469339,-0.34235759537821014,-0.25671339692563333,0.6406451067155086,0.030560129559717014,-0.8501959479784039,-0.6944478987807283,0.3918725758476258,0.33990995899333404,0.14783398882125692,-1.5458435001967943,0.9145264486401644,-0.4602571822282743,-0.9351088515259743,1.910794452403685,-1.337871599829711,-0.3262924605504559,1.0422030876678272,0.019919726727775824,2.8677489851890248,0.4146952281160851,-0.15325087598816425,-0.45863063236566987,1.4446127201964707,-1.8931531430374284,1.5905842939073696,0.06860977553100095,0.46644047323180354,-1.571398803668743,0.30534896814534207,0.5531237573551012,1.6284135558034918,0.32331102304580445,-2.440333914390703,-0.49930426473063366,1.069824468021934,-0.4515839575016468,-0.6939090426368291,-0.12240949486732264,0.6190395403646464
14,-0.7134595653034472,0.7739043081081732,-0.47191785085823573,-1.2846337273336805,1.199432837437964,1.2896477566301958,-0.45516798038613815,-0.26302203957050163,1.2770370836041371,0.34348290600957176,0.5021158007016069,0.42342897581841704,-0.8876657876163435,-0.21849352285005375,0.0,1.2763933203812088,-1.546356900366371,-0.32913157557394634,2.06603514927271,-0.8270881272507732,0.46687809594699936,-0.9592223601635299,0.46123614263500573,0.5813302034140291,-1.0849678580731912,0.7097280198492242,0.38590052371680006,1.0638354184700298,-0.12495373464255664,1.4390730878630003,0.05005487715209429,-0.6447661412573704,-0.4241343267338223,0.38613667700017684,-0.8451023147964642,1.5088269831533565,-0.04581906211380204,0.09772206728367003,0.04352248847841599,-0.4526626752591511,-1.5706057112239513,-0.4843545625774142,-0.8299311006780914,1.2968854522439235,0.9569426041043163,2.3337617580072596,0.3117339882460578,0.24393441700584287,1.7276934990698325,0.12505949538089098,0.4080120962738249,-2.1377125913501556,0.17690033404790076,2.2002898905888086,2.259832218274153,0.43825705465747694,0.14648453195667677,0.8279776830526044,1.4447491053462975,-0.9179392311921392,-1.547057703255174,-1.2979746862162453,-0.5317307955084564,0.13737713858427134,1.6353992470061818,-0.28801232329209214,-0.5250268971116167,1.0912172954242074,-0.46380890206979974,-0.11247298788170641,-0.4890010896829927,1.2396870105209972,-0.27738832268382024,0.2478397872924729,0.46558021726692284,-0.781781217701522,-0.42901908698903635,-1.0044511117373423,-1.7317725443672585,0.48949034328891844,0.44584718943118223,0.9064757908969602,1.8309996294416173,-0.6002488274079751,-0.9245305228983574,0.3205086628874836,-1.77508186691428,-1.151804915647367,-0.5796648063110558,-0.7816970482800973,-1.5577308619693304,0.8853428137371898,0.4765594202797388,-0.6487649503195331,-1.603686504170786,-0.9126961810898521,2.146175291595961,0.7933003205863745,-1.033389824096624,1.4441853723238984,0.6806712070815085,-0.868385536512193,1.1643409237499789,0.525822492725715,-1.4964374234083233,0.47675087283507284,0.6861042992958467,2.0131505650488206,-0.6733768242276492,-0.2538750097983034,-0.026267707589054536,-0.24010929505603015,0.7917086093163088,0.2916038543416154,-0.045577111159171166,0.11380298631196356,-0.40047122329699486,0.8550586904413323,1.328090267325533
15,0.7821332523658001,1.415659519614855,0.16044588366086296,0.19220167952795203,-2.1794922740877842,-0.021537584978561782,0.41316973085161973,-0.9330930038405892,-1.4761347092439248,-1.7213395949568246,0.818717314915298,0.39869011069107785,0.9511774448045219,0.8116398841401299,1.2763933203812088,0.0,1.416407435340147,0.2897267577465163,0.2422510230992437,-0.18471376687887484,0.7746690327718851,1.324705975740123,2.150440468614493,-0.2920759383589098,3.240828760228964,-0.6737195560773435,0.4829179399662897,-0.6367233760017306,-0.4170452182792719,0.5495752767185932,-1.355506802704465,-0.19677230060208895,0.21723866729482058,1.4878586264606273,0.5395441308514821,-0.4017243217503411,-0.9130855664414118,0.32519927225811257,2.3877766216886545,0.5536354328194226,-0.2074758865112718,1.5180659475275196,0.1241970640919736,-1.4559453036880212,-1.2510040483897145,1.3769644932893619,-0.10420563082794665,-1.0881616908528144,-0.39564987658641554,-0.4803208119558424,-0.8832996580085455,-0.8555327174134065,0.2617434877862823,0.7124231006761149,0.8091947728084177,0.6005079773351855,0.603413181574064,1.2969830401087619,-1.351020160435063,-0.24286120302200276,-0.9718540103084709,-0.7033317356334599,-1.249675561515303,-2.591545133566438,1.1835146728043595,-0.10332668350575647,-0.6054903454199183,-0.6674603346295135,0.11742302856283382,-0.5807916501098713,-0.44595478901856356,-0.6827834299209588,0.9722322626242997,0.5685574631509664,0.41223723846795157,-0.5482116614444007,0.41386747089334797,1.4006236030685024,0.35851717521548865,0.13165267744709883,1.0730136593114934,1.2501383604166694,-0.7722305829767311,-0.1261348598594299,-0.14135215633759923,0.738851079545953,-2.348532989963063,1.4146754710473652,-0.7861317710600674,0.9997621890304341,0.19078886421678223,0.8152366207482058,1.2946463274661901,-0.5712009307148866,-1.0907956504470486,-0.6236354649094501,0.3982498813292834,0.6953576638479799,1.0301955370943474,0.4319720595942845,0.40923756040197873,-0.7680322282349756,0.4659712462547898,-0.3461407298782034,-1.6298130695704087,-0.04683942666097998,0.23665934072711856,0.2656883265074552,-0.18169394068265707,-0.5100444285888439,0.06187108520611161,1.255831318590599,0.5607260844782838,0.6595954356880646,2.104941401783337,-0.9294726608103542,-0.09173280762589921,-1.2797882599550239,-1.0327056617168473
16,0.5874207318244077,1.0396962669128589,0.8418339501536948,0.23800520647490633,-0.6553267147659485,0.20800831920615157,-0.9343272249036388,1.1263533806879176,-1.320224151765753,0.4302768512758653,1.445581370284164,-1.9905572219369543,2.1834708011411283,1.300573463591695,-1.546356900366371,1.416407435340147,0.0,0.12454622214846288,0.9078608149380342,-0.07867593106814179,-0.45693816500415657,-0.31228446603541365,-1.5946308459802827,1.035465383143804,-0.46077261492706045,-0.9114795083107123,-1.0641925955082816,0.6149911176306343,-2.129379960549252,1.3561560476605297,-0.05045998706055972,0.5167167772681969,1.2365489969287855,0.30537261708503943,0.4108148977005507,-0.533711400215144,0.7311877638131462,0.1970317208755974,-0.20395381957040282,-0.4977472618404731,-1.2852780759475575,0.39362009766749784,2.799779090999611,-0.9846345385915162,-2.1588273110442295,1.5197390139708489,-0.15913267067221532,0.9174643027459872,0.41495227859425715,0.05571807062971799,0.0021871009744713244,1.9428700099462313,-0.3537641361837392,0.3308526496385754,0.1918775706543313,0.40772860044947634,-0.0570830057984476,-0.15650821637140072,1.382794144461306,0.8590065547454341,-0.051947949458086236,-1.2611627865798347,0.28463424026548345,-1.0029340900258965,-0.3483047788010674,0.2598671681626033,0.7165713285404172,1.315511194893483,-0.6490062796692708,0.0018780717836844674,-0.8425959002375939,-0.34118453740047205,0.15003751792843137,-0.4354494223945095,-0.0029214117249894206,1.0890976331089892,-0.666006364104894,0.06677580743226876,0.1007604190960708,0.56676772457519,0.321684078013959,2.9974568683608402,-1.5162717624403887,0.04843315876128382,0.5634607293892677,-0.9984067901020928,-0.8541858464228606,0.2786950322852685,0.6611683368672799,0.11657133024438814,0.5218416884735345,-1.8901633099887147,1.6805052033176187,-0.4292050680424836,1.2017933122673248,-0.7748878023480634,1.2636477959495462,0.04849048545836894,1.1735651663868316,-0.6812597348065804,0.3918390222889796,1.5855249232324578,0.9005299487382542,-1.0915687002693664,1.2066466399680962,0.4951414561617848,0.6531522104995037,0.6091382941439732,-0.8446059402471063,0.21097425508860262,0.3278777313869368,0.28877734119467713,0.5064190285662755,1.66395649627624,1.45775227541246,1.2520553387890185,0.7149789196259093,0.13171695616715387,1.8164838739186044
