,0,1,2,3,4,5,6,7,8,9,10,11,12,13,14,15,16,17,18,19,20,21,22,23,24,25,26,27,28,29,30,31,32,33,34,35,36,37,38,39,40,41,42,43,44,45,46,47,48,49,50,51,52,53,54,55,56,57,58,59,60,61,62,63,64,65,66,67,68,69,70,71,72,73,74,75,76,77,78,79,80,81,82,83,84,85,86,87,88,89,90,91,92,93,94,95,96,97,98,99,100,101,102,103,104,105,106,107,108,109,110,111,112,113,114,115,116,117,118
0,0.0,-0.3853504811948797,0.7769554825225458,0.7283202945880252,-1.6261932395812646,0.6483800827842303,-0.9099390585616243,0.01827914184941738,-0.39404250375306665,1.4706579800823125,0.020113441992736375,0.17207485683651125,-0.6637662971302751,-0.2338132817792487,0.07961412749713193,-1.4621851867891789,-0.676912395678638,0.657942662944639,0.08622442709939651,-0.3524958292752699,0.24064738393754237,-1.0717474548169463,0.05495167166092911,-0.6717400566272629,-0.3089703950948273,0.9468827325026562,-1.7255863476847306,1.3750217429404346,-0.7531267974164433,0.8115997783261215,0.6304007046373493,-0.8132040789366696,-0.7103131491883481,3.4094021131803665,0.8548170965526903,0.7082347047478187,0.5480250666539923,-0.3115587609776322,0.2650179274450837,0.6486697184670954,0.7132963976235593,0.008027447313075736,1.485449562910787,-0.140892276075855,-0.516174304547603,-0.668347480004218,-0.372824380820745,0.018990872900044264,0.1879448709544204,-2.151621191745948,1.1405353454196268,0.22588872349553224,-0.87189771921901,0.04054740716283581,0.03331182556056248,0.3187883221610829,0.8158055750055776,0.4306466867892787,-0.19103839746237208,-1.2135045927548616,0.8584191866740473,1.1453565148073126,0.30451340293427587,-1.5509726548187923,0.4181280102147068,-0.23138131598499997,1.5136104896253906,-0.3037102097368588,0.2548832993860276,-0.6539890743002873,-1.2417790794351136,0.6518280803459766,-0.34025991795857147,-1.1735685461112848,-0.9937387092036037,0.7702694477400913,-0.10947247513276039,-1.3574392709199765,-1.9987636065362286,-0.9101230928058921,0.91731044423325,-1.5060041831441366,1.4711765044804794,0.05999633981522377,-1.1212756247858109,1.0727878710526035,-0.4888159959727682,0.30510440674189104,0.5484915100044307,-0.6811695729129836,-0.712917155904885,0.35540056966500766,0.1968143849850706,1.6650003165831073,-0.3980523174917132,0.8909778158661065,-0.9071808159611446,1.1919730763972767,0.9214369534398054,0.20575333976717874,0.4144349398935895,-0.6024226909145656,-0.6360115087237587,-1.0070342548487794,-0.5685630977218751,0.4810971400170646,-0.5584378932690791,-2.2630891980897743,0.4266955775985933,0.2021243910622,-0.11143001977424456,-0.4158616408540872,0.4552418856165258,-1.186859360363087,0.0988526955946498,0.47672371218232,1.3301349333388415,-0.023240880746315324,-0.6335286420679399
1,-0.3853504811948797,0.0,1.684292506385064,-0.08156289780049882,1.5388495723474838,1.1266969098109028,1.0649071318108867,-0.16809286286123945,0.38871517201459194,-0.29959899462841016,0.02974273231415094,-0.017853933724554495,0.4084681357131297,0.30101324133920837,-0.4958404914973297,0.06327332233611985,1.2617787464268118,0.9242664059935315,-0.5414037675883844,-0.06868538567365262,-0.6380734082146228,0.6202072755555068,0.7975709790250248,2.210177385957167,-0.02047219419174189,-0.21285677696083333,-0.3106535177745933,1.091093062235137,0.6713901088872305,0.2775258937853637,-1.5942396213018721,2.024247330433377,-0.1977753001667027,-0.5910085656549293,0.24835636029076255,-0.6694521203506113,0.37189318002806426,-0.8050341385366699,-0.7115844729590325,-0.008295994505354513,-0.3833692882789481,1.399461788209368,-2.509607643168504,-0.542021896259858,-2.087918129120545,-1.256097046608801,2.12305457284247,0.7092039912063204,0.12215850989871099,-1.5662103972670869,0.8270983924780678,-0.7537552924679174,-1.4772369186582053,1.1606214311338563,-0.4160348972468874,-1.4486580794072408,1.2556215044050676,-1.1840327733561167,-0.7858297528080941,-0.5815214088290694,-0.6946205224815538,0.8073526679974787,-0.059997250956272334,0.9000788409144448,0.18239436519777402,-0.8055343438729996,-0.12301598149401043,0.1371380049761581,-0.7402575804283723,0.6501363278482746,-0.29464114921196827,-0.6824912160891787,1.3296134767989785,-1.2027432016015067,-1.7337474739326726,-0.5994498010165663,1.0522308983628306,-0.3958249057342051,-1.4520440686522582,0.609896847328003,0.33593223034860636,1.9606142706677316,0.09587325295853498,-1.2759906081617907,0.8197697950304262,-1.0552336346486921,0.7244494455288177,0.47042912524936764,0.9674598706649506,1.0546609243873182,-0.027574895086284197,0.12127917171513171,-1.3427874065027596,0.5230543691935311,-1.1531662488291623,-1.3538599983496982,-1.4032127884687797,2.01231638341309,-0.6942718123336782,1.5614655933556834,-0.32211588318396933,-2.2855111022404913,0.008082787591553883,-0.8405368263225694,0.47005419114862795,-0.5445639559263926,-0.12252112647445465,0.5642408777100834,-0.868021813957986,-0.0845071743446455,-0.8397005738492332,0.26785963019496223,1.3256511382134828,1.11150338240737,0.19235671114538017,1.849503556964769,0.8613226556940499,-0.1776333326660482,-0.7853296977247971
2,0.7769554825225458,1.684292506385064,0.0,0.7717790192158724,0.3549990030775554,-1.1669335272250476,0.9497401123937637,0.7454148389361683,0.9543038135218983,-0.4100547859910293,0.623089945511343,1.012182887807025,0.23387572570537335,0.5394236515760493,0.42032499179246424,0.7978553897821572,-0.19393724532486628,0.6848914731765814,-0.7590285956212386,-0.20637852423525507,0.820808286369716,-1.825194348379635,0.9958545323119352,-0.29491874179904065,1.6880062703158027,0.8947268375964571,-0.8464908400408406,0.6010045228433114,-0.6341520479623681,1.0374212349009064,0.5999795332067873,0.3589061394627419,0.5080617484583219,-0.689150252360264,-0.10896164108726221,-0.7751438753447393,-0.008077674437024918,0.9923584811988668,-0.8494439239330033,0.2495960370978264,0.9512769958170512,-0.35531987011654814,-0.25645482851843393,0.8281442770953279,1.1890761845764755,-1.098015546120027,-0.16545537573978805,1.0488045382875013,-1.2459609535494387,-1.3833867268124898,-1.03372582565981,0.5891854440997114,1.3997108145262394,0.5016276574794624,-0.9767091792519548,0.6761824533304723,0.5868404924502056,-0.4724818875002981,0.5000309293559695,-0.9768900498110036,-0.26157615902715736,1.0866165790611735,-1.6349367068600795,0.35881443217892045,-1.4694524248146723,0.4799510523846981,-0.8116957121145152,1.0940372360534665,-0.27270068999873415,-1.127611289186782,-0.09533439169665983,-1.2438936383068833,-0.8765332696750796,0.04327725119882486,-0.2090670141905774,-0.556606692085114,-0.20591983767206673,-0.1900623577912723,-0.7142669924484955,0.045226261267626584,1.2453237400558372,-1.0020311693024126,-0.36979079046929514,-0.34221045888835144,-1.590223300940373,-0.7974891885375879,-0.48347540066240446,-1.189354018585834,0.41670478276944595,-1.3822043444178915,0.7759498658249239,-0.614008562152384,1.2979231499312454,0.6671877713182157,0.4489909836966842,-1.9963227119995892,-0.6018607898959785,0.4756868816668714,-0.5878903312625386,0.8579192394133963,1.2669753035068034,-1.188936491420222,0.7418691946669966,0.6917492318256266,0.37261421480466506,0.6324957063044793,1.960584907847126,0.06691420793361863,0.06855082453621102,-0.1246734078074622,-0.7839173705730751,0.9636582820491045,-0.8566731654786854,-1.0761934415241508,-1.0405852441738896,-0.31786028175451164,0.09375149489576627,-0.13918162808061318,-0.377960239586889
3,0.7283202945880252,-0.08156289780049882,0.7717790192158724,0.0,1.0884702430567919,0.4257939188395703,-0.39258731233397187,0.04080017814300708,-0.035155326931120584,0.14543885282880487,-0.38296401677757513,-0.7061786204066312,-0.15297094009804546,1.5924440183113657,-0.3211692747028564,-0.0064643428216290605,-0.3787701174054644,-0.13189157921927808,-0.969877083346289,-0.5913520265280362,-0.49231274746375786,-0.19266776810565137,0.05790710748115693,-0.4227499835465823,-0.5566287424993982,0.3124962746001139,0.36979523875535747,-0.08743050680506911,-0.3795857487202021,-0.5641391590350817,-0.5495735027437505,0.40572856250969347,-0.504338802919482,0.4439283274365532,0.45158608941903455,-0.5401702375123708,-0.053789320785535465,0.2995931945512127,0.3814521615988671,1.0740483807624672,0.3832341747607971,-1.5674065675860218,-0.5280916326296283,-1.0820664639380462,-0.25056510502345164,-2.295052102478205,0.7276967997051385,-1.0973480514316045,0.056505004346246536,1.202853679286245,-1.294369995604614,1.0934089382290386,0.25935787827802304,-0.26246196011471373,0.95808242375782,-3.3611091471870127,-1.0884780283096664,0.4578771913600864,-0.256799764246711,1.519481238430568,1.284860187521831,0.9351534639123033,-0.9211345227493998,0.5369170991519813,0.12505809918224006,-1.0681615174790393,-0.5609518658096546,-0.18138190596949924,-0.14399526561716836,-0.27136597454746236,0.16357076582716734,-0.04236166133113347,0.9439655353363817,-0.10361060039936751,-0.8447064049483896,0.9393296447308372,-0.29260911981406673,1.8343734915974865,0.4534848122862615,-0.215844846660705,0.5690245958480982,-0.08219421166811251,0.9421070907732316,0.68636533585836,-1.9343548786258062,1.462585023096734,-0.1490755277885757,-1.695559490520601,-1.7182786610363858,-1.3385271655796283,-0.12143758905398995,0.5006498845137497,-1.0904932530570781,-1.328426788781836,0.13031293473461392,1.049363533072914,-0.5595581189878285,-0.37955533477884806,-0.040270068840219296,0.17740832977327567,-0.6747489040468106,-0.32399555848605743,-0.10615754910141625,0.9688929938731254,0.11121968807304802,1.380014375409707,0.09031871856812856,0.08074490894786271,0.2389123572586452,-1.100109872049579,-0.3562184040627677,-0.03692647285729433,0.009159303520707093,0.06282982623944479,-0.1706731683080399,-0.7840086119518566,0.961398118117519,2.1067098827129325,2.090875527317496
4,-1.6261932395812646,1.5388495723474838,0.3549990030775554,1.0884702430567919,0.0,-1.517736534197768,-0.2501976286355415,-0.6350390892599054,-0.41327441020228783,-1.473661185666136,-1.4456315977571084,0.2805431769045282,-2.2104989780663553,1.1920465564743201,0.7425996546258293,0.385737244661695,0.8231328589125578,-0.3668948650718945,0.7848697852172691,-0.26402511942330603,-0.10398877756800207,-1.4254124077795676,-1.9403363034927386,-1.1058344556055382,-1.8063759193367308,-1.2613563587712098,-1.327642542603837,0.3772121973288764,-1.20510154797348,-0.21462676927703248,0.15211781486634146,-0.18482829026474829,0.23208574899468826,0.3010059494111669,0.17441219598121505,0.48114639291206246,-0.5124764403154624,-0.7871238152673979,-1.3682583036077052,0.6225732680568343,-0.2117205073868569,-1.560602648202266,0.5117035519135473,0.6626105675288719,0.9905256964570993,-0.1965918944098271,0.14524257385564956,-0.1289065605140477,-0.13392571304924952,-0.3503074780793287,0.46856995182658573,0.7157678431392661,0.9564532281742733,-0.38078583642646957,1.078889564868794,1.6582411521652864,0.7125169104404634,-0.531004678619106,-1.0751884857541638,-0.7404599443323223,1.6889168564315598,1.1860582733706808,-0.23727469482696528,0.7326377411753804,0.6024065371064242,0.022640944195748743,-0.8541907022375762,-0.20647421960924972,2.4535028312421483,0.07939494383120875,-0.21684113651907147,0.5892486552577398,-0.9669586147078155,-2.663313092395875,1.7613968748561086,0.30085147143996827,0.2302224742140369,0.14801727140368698,-0.14316111968896192,-0.42932675079123844,0.2628133651773263,0.42525591197936247,0.34850813619497256,-0.45892059177241895,1.3277511886760955,0.16345955410947705,-0.6293238890985734,-1.313431606883485,0.9559836239373711,0.7649597063446452,-0.07558605835141981,-0.8736424224846835,-0.035012370752481356,0.8866025411661774,0.643645206073612,1.3258109525186514,0.15735199885794782,-0.10846993357680407,-1.9464772423752308,-1.1593199575858635,-0.7250435509235533,-1.0792623830760055,1.0399618614389465,-0.5950355479755343,1.614587460714181,-0.2848391456023122,0.31698646059106256,0.6761749821221348,0.8608987926803976,1.9407258234667235,1.0828071508570778,-0.8391062697852435,1.2341816169728148,-0.47930328652706894,1.8112865957035875,-0.2636696551014538,1.5795280119762922,-0.782166063453409,2.3387746205171673
5,0.6483800827842303,1.1266969098109028,-1.1669335272250476,0.4257939188395703,-1.517736534197768,0.0,-0.33234036949502965,0.633278247504372,-0.10318034980945,-0.6422098635313482,-1.3779604284656952,0.6876084525219389,-0.947784819850618,0.5150865730475436,1.4353557002420028,0.005214287545398356,-0.6794764823516809,-0.504383024851365,0.5113003962738039,-0.08228472757129061,-1.1888490708992874,-0.5902143383876287,-0.8323293622604748,-1.037955091276419,0.24547528938412444,-0.9705841059037835,0.25350458767028633,1.2995343592621031,-0.047929144628814965,-0.06883062255780306,-1.2232417877740875,-3.0858245987131583,-0.4690539406940084,0.8443074825917068,0.48791189180284544,0.28425134296694965,0.5847792690040983,-1.004661778789499,-0.0013674731051862594,-0.587091384393473,2.050000829702083,-2.1573137427234945,-0.5457234127287209,-0.3112042317530246,-0.07487086055391676,1.0790320425731843,2.2505479028346005,-1.2613260759242262,0.33235806577879007,-0.024260895887066505,-1.0112247138231334,-1.8761264453688002,0.5098433706995572,1.9222402559634753,1.4958771059632223,-0.35126323139966487,0.01721525044451297,0.949155041726459,-0.03689354737751731,-1.11403697384303,-1.9931948179649621,1.2026395477311298,0.351083221140718,-1.2302122839555487,-0.5588304639982505,-0.3934824678973367,-0.26531863605448086,-1.390911106796028,0.774811758144194,0.7967030899810498,1.3602689858996782,0.6990095100483753,1.241918274944393,1.2309398944737002,-1.5736688684009998,0.2689897968368197,0.5998301521951805,0.3121746006981388,-0.8625959766106325,1.718471297317296,-2.052962260061257,1.6668141106358434,-0.5878983213515163,-0.28330261384540517,0.21024891167879392,0.20321284810524795,0.9782511038471168,-1.8906106685285518,-0.5782032810398332,-0.5484017296552717,-0.06405778149704407,-0.5498797857098972,-1.0771332282052404,-0.508226067343814,0.34296825845062173,-0.3737962292975989,0.1556213634795578,0.7358769887196254,-1.6909799929424372,1.2656138920590387,0.518951329099735,0.5445813519310401,-0.06331133582727293,0.43020363076184676,-0.3487069686312773,1.216297937245169,-0.3659457016959078,1.24970678445904,1.3171046457336602,0.5022814514452083,-1.6527119145759805,-0.264089301808389,-0.3777047674134055,-1.2552620996530337,1.380490595140334,-0.6120325117267588,-0.8708151265530837,0.14984547377011265,-1.0849911645715755
6,-0.9099390585616243,1.0649071318108867,0.9497401123937637,-0.39258731233397187,-0.2501976286355415,-0.33234036949502965,0.0,1.3063516921574607,-1.2234456929403836,-1.2810652307507742,-0.8355221204363538,-0.5673689902366809,-0.8839411427096863,0.8176437350740033,1.7649463416935323,-2.65127392468662,0.1452634942931882,0.9401969657542933,1.665266577797566,-0.15116945748127897,-0.1277083948868008,1.1335675660553621,0.01677410917348089,0.14404877729196702,-0.7709820642498488,0.032810514974588006,1.4226266951525004,-0.4911425830252983,1.376743222245677,0.42259154142456934,0.18734410995029993,0.5805328844323201,1.028070132813259,1.0403849993150054,0.11660357405291293,-0.283989592045184,-0.612115300888576,-0.2866645338673569,0.4518602060626284,-1.0974453612861848,-0.13284419828408017,-0.036083933083514146,-0.11182271779944193,1.2665201129982524,-1.1880352398894976,1.2632996914243082,-7.318597659418834e-05,-1.800341147031682,0.6237213132462717,-0.15212382421814558,-0.871479746347979,-0.5065854411634211,0.6894437831326911,-0.8926369465707481,1.2240123370888603,-0.8717474712619406,-1.2571261756049361,-0.25805069724863655,1.3419785049730364,-0.9590943787792807,0.1740293831990968,-0.3845049074818579,-0.629180071234767,0.380342219738153,-0.5260883463670727,-0.6925819722952532,1.1064016656146032,-0.3004814837112805,0.011379250697135036,-0.5228953511517773,-0.41728565084724956,-0.39365202403927063,-0.9906157150004921,0.08290318265728386,-0.48019285962467784,-0.9378313051584641,0.8905388746407131,-0.9001092317307056,0.4728234678789134,-0.24075229880299814,2.0222241193498087,-1.734868501966725,-0.5917972135211611,-0.5836099254597795,-0.14312514409642152,-0.7431408338608552,0.2624468384016547,-1.2073320499759832,-1.1572362790199073,0.5120021747762503,-0.15181038884782885,-0.7012220113226152,0.3592142670465034,-1.6515458255901672,0.44792526465184557,0.030079276059720002,-0.7737843306205626,-0.018413946983908566,0.5388114689054141,0.3467646870657746,1.124308172071894,0.37553187302174257,-2.561399655449568,-1.8561373049663967,-0.3379925874996142,-0.41295557402195604,2.15091581164271,-1.6095929303189347,1.3537111175723193,-0.2853409304379132,0.34189255515862876,-0.6992424452270513,0.8569729293976703,-1.347569671580577,0.4643408115340362,-0.9800030257243846,1.1026414903537431,-0.44804963270077397,0.04584811610755819
7,0.01827914184941738,-0.16809286286123945,0.7454148389361683,0.04080017814300708,-0.6350390892599054,0.633278247504372,1.3063516921574607,0.0,0.8491418213691994,-1.306940776241682,0.8430480776486362,-0.9328103877043272,-0.447472222641918,1.6136060039056659,-0.398424607801801,0.1119252089782933,0.6497522007238293,-0.3148324546470526,0.03630948930679128,0.567858806926496,-1.5856827249983547,-1.1670606931511465,1.299676174190364,-0.0038105222742214665,-1.0767026393799966,0.32401857447705545,0.4763527166144417,-1.361956415131554,-0.1720445295913213,0.6193508624114054,-1.3555073351608964,-1.8324889500817625,0.9381454036003272,0.3219528274098168,-0.24672713506196692,-0.8121228269461859,0.6710116675870628,-0.4615790306705698,0.26797659477743135,0.8467863036906804,-0.5849809469475277,0.23762513377607072,2.189125827045871,-0.4907725351480388,-0.31346430603815145,0.9625385671730863,-0.928321593809681,-0.5862740005848822,-0.9182862001901981,0.83869557004305,-1.0398036790625884,-0.9922657866730057,-0.8014832671174891,-0.8199811711657683,-0.38931870532847906,-0.529486187720926,-0.20189821877423408,0.5871263208189127,1.276339282113398,-0.3540923273238836,0.2099945156171816,-0.1653176820542652,0.6624904848312665,-0.8418606137879792,-0.3048683153880359,-1.2659491143359123,0.10866836481764643,0.7601436878775032,-1.9227090068709383,0.22376748746189243,-0.6549266900070742,-0.20558260746839357,-0.36568203792323833,-1.6512195055423704,0.9428438973139975,1.1379516877206908,-0.47830281508187966,1.3158974261488643,-1.220940727374948,1.296543881541098,1.2227050617312332,1.3910082713266252,0.10340486787519598,-1.7904253337008489,0.5688879693249714,1.3285580225943512,0.7384145873021508,-0.22154888869559053,-0.2179518942876771,-0.12590125887549947,1.2394071519354477,-0.4996599409534652,0.25267305602773527,0.5708741884540725,-0.23193363938678924,-0.01786016336084269,1.2107597320763719,-0.11961376275294312,-0.6006767651714261,1.5995160468704424,-0.781748671741776,-1.3309468248910763,-0.2068379488242841,2.4741974366894164,-0.903405939678401,1.7182474813407436,-0.16529855303688995,1.5981398049142719,-1.9504417182657086,-0.05583724134198999,1.1315958793694545,-1.2340319733247416,1.1138574212632437,0.30869602442459315,-0.5820751872873942,-0.7236158900560689,-0.8870859529777261,1.6163496526413983,1.1807695371108873
8,-0.39404250375306665,0.38871517201459194,0.9543038135218983,-0.035155326931120584,-0.41327441020228783,-0.10318034980945,-1.2234456929403836,0.8491418213691994,0.0,-1.1956511781402892,1.3117303780164595,-1.539176888552546,0.23710699028059223,-0.13919136855867087,0.29250466548468024,1.9224988353260777,-1.6965491640971186,-1.5842420255104668,0.018769394347348898,-0.8108627772675885,1.6401475523050715,2.352619761894118,0.5897657302145887,0.004856791548149215,1.015872927903167,2.212956181256174,-1.0534867581535414,0.4587247389296672,-0.5144031780929161,-0.5341355731806657,-1.716917799584238,-0.6623930841754366,1.634074387637287,-0.31640354118973263,-1.9322894323511701,0.4632572855655428,-1.0666113623511593,-0.36903751985213673,0.2607507941440787,-0.1992431719243929,0.1491219017934368,-0.5874842493290752,0.6591416417143161,0.37999760774253355,1.028561463167451,-0.23398143526509266,-1.3680817338409907,1.0769695110040085,0.46229024242560696,1.3050277080218562,-0.9079270354061106,1.1144566999942864,-1.250297479968292,-0.456242364656565,-0.8319544847019201,0.6098971846247031,-1.59570938368333,-0.3309035453070417,0.9553324235630953,0.0767393530032293,0.5222988436918318,-1.4666194047227656,1.524862615042893,-0.41091986191418794,0.5763261114900687,1.5629408003262668,-1.2507293927439884,0.6182371579611453,0.2494524416473119,-0.07999930589384197,-0.5741723383545231,0.168226949507885,0.9685644097500965,-1.132360598675844,0.4271268684795249,-0.2515202249003381,1.0222369593923046,0.5490053107921026,-0.4836905857782588,-1.6392110964485627,0.9744319060223761,-2.005548766651736,-1.7262523436003776,0.12618510614303963,0.6818825382032754,-0.22347518222427115,-0.49469931036082876,0.6715299054928917,-0.3814260076007206,-0.6397841150311219,0.8843940431766866,0.7668862400427762,-0.97279549203299,-0.4008438391294204,1.5439937663206924,-0.5107010883480769,0.3535113528205254,-0.7743210479221977,1.224527482575724,-0.4626026975140723,1.3024679187759418,-2.260364247670915,0.5959407132247844,-0.16532330150022917,-0.8475700664872631,1.8719528254585738,1.2946296255279557,0.7195066070842294,1.1235144103723236,1.2311535443323063,0.2060188354192441,-0.45911619396451797,0.2449198847766178,0.27141163136335256,1.4262246075682108,1.647190015600352,-1.656943591990886,-0.11357066605801619,0.36821102877894485
9,1.4706579800823125,-0.29959899462841016,-0.4100547859910293,0.14543885282880487,-1.473661185666136,-0.6422098635313482,-1.2810652307507742,-1.306940776241682,-1.1956511781402892,0.0,0.6126754652015817,0.05301672723910338,1.7836800621499385,0.06625352321810071,1.3851776582992272,0.7120465033529655,-1.1104294738488163,0.7571717180095286,-0.4793369981185434,-0.03795005736781145,-0.11809064756140636,-0.9547853166310446,1.5033611319559186,0.35064770216976493,-1.4790557906600634,-1.0949022236305133,0.8604443516801517,-0.7197277538092252,-2.411487778750277,-1.5660576065489726,0.3746253018787874,0.5794887766337921,-0.6381102997835767,0.7213795313405892,0.4002013195673636,-0.6711245528335931,-1.1258269357885897,0.7819310639936343,0.5520855721441912,-0.24891516667380317,-2.072685169423995,-0.757206936323335,0.3393603897523545,-0.372829056487181,-1.0894859671348724,-2.2337731707058266,-0.8731218912760023,0.9919176558181737,-1.4400899945820687,-0.5437888662959611,-0.019913503076055977,-0.9417175075056609,-0.5263164226429137,0.6730618790632602,0.2194813894684345,-0.984589030849045,-0.5381460411136602,-1.5059200538665787,-0.9581896011021346,-1.0214153293757107,-0.3235037968422397,0.9446348024745683,0.23660774265220708,-1.3405922149760752,2.9907967397291477,-3.371411374708309,0.674808707463107,-0.4026548646763431,1.0718239008481705,-2.0515538105486786,-0.7518962775442889,-1.0062725453038597,-0.31815620003355377,0.45202513843943903,-0.04694122701058907,-0.6305427018052612,0.36917821268156065,-1.6357599968964744,0.23676015596693428,0.6609674842491771,1.2657243293400615,0.7713951843257971,1.1474628988599231,-0.41157016029815596,1.626668877603543,-0.35202170472436634,0.29081773471249917,1.4396626167627324,-0.6371342236374474,-0.3696191884555268,-0.9024226497886144,2.638547463139062,0.48281592315439126,1.6469817693016453,0.9700773250361362,-1.6709760014873045,0.08832382053241926,-1.0610837690120745,-1.3626428049670003,-1.6337272990660983,0.2260605352942769,0.6318590630751115,-1.0478014336950208,1.0467803527901909,0.8722565355306522,0.782013707802013,-2.769208865138491,1.37182494393968,-0.6373350380102649,-1.7718859662822943,0.7947433877772664,-0.2640135743008013,-0.1869029875587904,2.8514785147709207,0.20261995321041282,-0.6627052957579238,0.8751951442679605,0.42763436495662666,1.7434183821408653
10,0.020113441992736375,0.02974273231415094,0.623089945511343,-0.38296401677757513,-1.4456315977571084,-1.3779604284656952,-0.8355221204363538,0.8430480776486362,1.3117303780164595,0.6126754652015817,0.0,-0.16476480456751866,-0.06203676545006459,-0.9226250961218514,-0.37367053406449735,-0.0780949117595637,-1.9658973515689306,-1.396470586512031,1.6712489235711572,-0.3951423898792229,-0.24858873622910568,-0.060141381000856156,-1.3531035378943985,1.9494259325954615,2.4457656854410064,-1.5680894168734885,0.9827468874078767,0.8180566841822405,-2.2481421254604705,-0.1914222315575302,-0.32641143236579656,-0.48939492857252387,-0.5358767909231106,0.10457388742775069,-1.0100307346928523,-2.5494859348521826,-0.28132447914092545,0.025538415932674786,2.117283798493448,-0.09237825173185253,-0.4138736167470738,0.5231256087565386,-0.22168403146462526,0.23162205104975964,1.5492560977056185,-0.4241876124109834,-0.2641870374870627,-0.07666316420604273,-0.4348149625509257,-0.511083944891301,-0.11697312595329626,0.43689499813203103,-0.8277166928055287,0.8428932100755702,-0.14285128094971275,-0.5921669726962856,-0.12671105056677276,0.3829727174911858,-0.06828738874106913,-0.5936987513713723,-0.5575102509087762,1.8479492791329495,-0.7410459314978369,1.1434338030968716,1.7803207571147917,-1.3836104019772248,-0.03687642481439017,-0.4383039186875838,1.379461498636695,-0.3413417894694947,0.8096504634498904,1.7778609421169422,-1.943330607118875,-1.6799665357892608,0.8876740679211234,-1.4177375133921868,0.6904432815966548,0.0071379380189753395,-0.09201634448228305,-1.1497525393837082,0.23209404167486716,-0.08152044162395597,1.154316106088524,0.1135258665940054,-0.8760364080255358,-0.42494229162809516,1.1820107943921472,-0.0739042062415403,-0.44176198202511774,0.22798151831490865,-1.23038372782141,1.1646016083954416,-0.08382189293301638,0.01992977247386064,-0.9748984426266906,1.4122258560717647,-1.3008273903561092,-0.9183457153690038,0.7813073975873384,0.8481364788353667,-1.292024089339272,-1.0976042403173225,-0.5578954659502283,1.5084462928739475,-1.0633868413137413,0.30568344867827074,0.7964732652744265,-1.8229113331193385,-0.6496345009147589,1.3825769470128224,-0.6227094356343464,0.5430500689645243,-0.09428551342411316,-2.3863540271467865,-0.9386620211154288,-0.2509917985368046,-0.11748979589744521,-0.10891236345320988,-0.06804497651718792
11,0.17207485683651125,-0.017853933724554495,1.012182887807025,-0.7061786204066312,0.2805431769045282,0.6876084525219389,-0.5673689902366809,-0.9328103877043272,-1.539176888552546,0.05301672723910338,-0.16476480456751866,0.0,0.845049979524686,-0.19514490947938626,-0.6395957191313956,1.849006165017279,1.415507080780274,-1.3315700340225534,-0.052618651238825795,0.0970691586130796,-1.23352107247788,-0.6172840990731463,1.1761956565118101,0.15469201168945643,-1.2071130863905588,1.2692199583254764,-0.05003981408913924,-0.5407666728507818,-0.6576918803956907,0.8782731907991617,-1.9457842555358142,0.11274606712033075,0.09419481992904527,-0.8077262368512134,-0.5063254175707078,-0.8740070285241025,-0.5326655762574588,0.3666404277867998,2.0219713941390167,-0.0494364310611151,-0.920491699196247,0.9404960235166626,-0.11223122559454125,0.4488545769419637,0.7612708899397861,1.4854842659828824,-2.046348415820311,-1.3332256285708002,0.4931736868909406,0.2720135894249868,0.706451889380341,-1.2691967063525762,-1.3077628964640289,-0.12008097866456947,0.4952020132018915,0.6301670069998478,-0.19980122125111754,0.6443453007974577,-0.9742937980451125,1.5793842021694415,1.2830706167797556,0.33420441159974545,0.4942524040490622,-0.005639408748739192,0.5136628689271066,-0.9561471169675958,-0.632348944225017,-0.6516518845664087,0.1776720805759765,0.1984945618180547,0.9914196675150356,1.5527584876274203,1.3115808534678737,-0.3784780358534831,0.02877821087061404,1.47872264427173,-0.45471160128056076,1.4017791315591093,-0.33901826941564056,0.6458762849274422,-0.7367131869896778,-0.6175440291523839,0.07689682507102691,0.24886017194403254,0.9145414430840028,-0.09993340596426331,0.14913311201517165,-0.88137961446828,-0.2807254867050572,1.9839096780218097,-0.9562729273009035,-0.41081075771981934,1.2066526964392963,0.23280549498197278,0.36847212635568843,1.3589399014816999,-0.7684040287923207,0.31193146136557,0.347572749875428,-0.07873336908406108,0.2874878199015705,2.0504246155957637,-0.40951705345677464,-1.1322129152601172,0.5649870247236362,-1.637470597726421,-0.03361286125232687,1.602502800274918,-0.09533006651789498,0.8082743254251135,0.9944335104663263,-0.5184805056668597,-0.07427541396638863,0.20782751947366895,0.3352289261183171,-0.6572520347492734,-0.38137238791777456,-2.114393440756596,-1.2803463314670605
12,-0.6637662971302751,0.4084681357131297,0.23387572570537335,-0.15297094009804546,-2.2104989780663553,-0.947784819850618,-0.8839411427096863,-0.447472222641918,0.23710699028059223,1.7836800621499385,-0.06203676545006459,0.845049979524686,0.0,-0.3770546069207536,-1.748780082985357,-1.285007751156493,-1.90922465203614,1.930432293662423,-2.024402232372641,0.26858215558815446,-1.3461811123761251,0.36088057980935573,-0.7323996741044637,-0.9823342026352724,0.7253188612877491,-2.0703245596632693,0.12685180074436,-0.5594170866578578,-0.5821424173378635,-2.115444942715771,1.4996153252976925,-0.8877735763829044,-0.6956264126792971,0.7828609354409627,-0.41586719570982705,1.1360219318623288,-0.13629891006369663,-0.9345420292372538,0.5130527835710659,2.084634311266412,-1.8741775683644137,-0.5970440144921332,0.17986666539335033,-1.744380502816604,-2.0108464937667248,-0.9135083804520352,1.1856717316403051,-0.40598051127829105,0.6550949505343708,-0.5065112561574696,0.6683183678546601,-0.482599911174797,0.6870413846469784,-0.030250787330917846,2.1329387491125154,2.165978375675078,-0.30693693097875274,0.10097493644535131,-0.9913058323399121,-0.884866037346294,0.34831974967467266,0.6936156004297376,0.8362272836282457,0.8428446544174961,1.7371285100869842,-0.9273554978799922,-1.5651372398459964,1.7484969488965898,0.3004965725478495,0.13381136577131808,0.6889205024637096,-1.5633360282230007,-0.030616960146667233,-0.21960169885531966,0.3196165750451912,-0.5773895845239431,-0.1337026203831465,0.33916689892917684,-0.9093172672013474,1.8195179732732256,-0.27729518799229497,-1.8142867152299245,-0.3297102479080127,0.7280461909112772,0.6464911972220312,0.42090257986785645,0.13581452488443524,0.8464501396786905,-1.071596218417434,0.8574559777698731,0.3171038741619009,-0.07101852438240419,-0.47305884154890676,0.766661143759427,0.096533721351469,-1.4784116829765093,-0.6498163896024934,-0.7609524932936464,-0.4171687215298813,0.47492907920233907,0.6406790563964935,1.0898673473630833,0.5570581666611001,0.324230159615189,1.870564218388235,-2.1942896125597047,-0.23180473208988145,-1.4027695795401183,0.6218718603421183,0.38861680957775896,-0.44866007874026465,-0.8172521925047983,0.00342604070313705,1.7021915888442865,-0.7731384309132502,-0.032950667665898714,1.2555925417150517,-1.1359050781778506,0.8605749124616985
13,-0.2338132817792487,0.30101324133920837,0.5394236515760493,1.5924440183113657,1.1920465564743201,0.5150865730475436,0.8176437350740033,1.6136060039056659,-0.13919136855867087,0.06625352321810071,-0.9226250961218514,-0.19514490947938626,-0.3770546069207536,0.0,0.5672187621359228,-2.08146288966529,-0.9253268631275727,0.5657382476701481,-1.9226411301639428,0.25746506700697874,0.08702106283192988,0.3030806195314703,1.701848260848506,0.2968628977545911,-0.0008683697318413179,-2.725347669143807,0.2793979845427529,-1.0389271099259847,0.15321712216616798,-0.04920645335125923,1.1057260225999985,1.5808413351888049,-0.4754520600666261,-0.6455943391933683,1.072085276710997,-0.6311035681420977,-0.8305714739308708,1.1191188400208603,-0.33506830527134374,1.1587693375249601,-0.6052050657826665,0.1108829330996465,-0.03169019164865874,-1.3870200029778312,1.169552178361697,-1.0471579634063577,-0.43009695131114933,1.4298848991201916,-1.3969950793550325,0.1775787039982763,-0.928467409563799,-0.7966713222121593,1.4021453402475381,-0.30842228745686645,-0.6391596751453898,0.3153916660812242,0.19860365503336244,1.2181643844901353,-0.5903597993622074,-1.7329311703742623,-0.06172962742327012,0.4165751283035718,-2.1877951138831158,0.8942985438647455,0.03682434403758987,0.9326554724607289,-1.5157150178723824,0.19375608228000735,0.9163355713982132,0.38318345436075807,0.7096365426995829,-0.7083873146044185,0.004705663946775858,-0.6655582023070329,0.3145423413917747,-0.018022219142268855,-1.0994427366197423,-0.7267678523823423,1.0224682903295172,-0.6575380476766287,0.7884244075469559,-2.5026449146083625,2.466877570788288,-0.8432224917133502,0.8849991679095266,-1.4199400286193549,1.0460959967295629,2.4010929856594103,-0.4584318700327623,-0.08756459114895962,0.4930691819329535,0.15747970072619166,2.021219755880889,-0.7787764000317517,0.3297471400534411,2.0716816474580937,0.5819519566061062,1.5183007477382386,-0.05952454007056035,-0.03371307953799684,2.2883983929364904,1.0516071479686486,-0.46727777662598463,-0.45672749316096306,0.7114272781068638,1.1113833626718677,-3.1207603983407366,0.8264626571059414,-1.0127877627670503,-0.6905790382349041,1.461629455673991,-0.5719152969750474,-1.615536909151923,1.7083368852064413,-1.3002864210888216,-0.8709592221408923,-0.4868612856337596,-0.0963504743945899,0.2551992094686991
14,0.07961412749713193,-0.4958404914973297,0.42032499179246424,-0.3211692747028564,0.7425996546258293,1.4353557002420028,1.7649463416935323,-0.398424607801801,0.29250466548468024,1.3851776582992272,-0.37367053406449735,-0.6395957191313956,-1.748780082985357,0.5672187621359228,0.0,0.08452155168897409,-0.9355678049658187,1.2581109972811895,-0.7986867234357297,-1.4791331507258085,1.296180727672708,-0.6695686793561991,-0.03746746934506553,-0.7223846984808452,-2.7866963757030767,1.2841680779844922,1.1121685263723364,-0.1957124761812329,0.8495115410475792,0.6569218359563114,1.7109447382845533,-0.9477824484067523,0.21925479600640913,-0.18786925397489615,0.17642009258995914,-0.31092749858047336,0.22154181790862296,0.38458332684743346,-0.6732770360941458,0.0014608172352510913,-0.3087296636904857,1.1899936080574973,0.14192454896190243,-0.45005700819180133,-0.3190053770158557,-0.11985988658941665,0.8658070050889926,-0.8882261624513662,-0.8136035878066392,1.078976332615358,-1.0772379316678355,-2.758732573233026,1.2437591184767562,0.49133228735479656,0.9860159989360304,1.940416669780662,-0.6435400488302249,-0.659037110503344,1.7446268234053786,-1.9498502886789089,0.9020811807132851,0.35565201766956545,-0.5081754686355135,-1.516063278141282,1.295991457724754,-1.0313606699032425,0.10651435835935667,-0.40716273630073013,-0.37169214555394037,0.17778018066913145,-1.9853713362101524,-0.6481494889245036,-2.180292384277274,-1.110761355141818,-0.0503816052412989,-0.8027988690442215,0.7058004635713516,-0.10146900380120187,0.9315059075417624,0.538405450533578,0.39242891643667455,1.327635480384526,0.2838675577860988,-0.7217603382518951,-0.31802604748138313,0.22397831686340322,1.6566714107600227,-0.3382471759814269,1.9945979423904854,-1.2221087214724702,-1.5520894099889606,-0.7631751964982944,-0.45990709447080996,-0.578969597411428,-0.284825894918319,0.7187193275877586,0.34684149284690463,1.177914758590908,1.589672352166849,1.5899768554088303,1.7396915072352115,-1.198149852550429,-0.8600590801695416,0.5152762661760986,-1.3566914563022987,0.6307665167357077,-1.0644424207394723,0.245880986196242,0.41515167490442745,-1.6874894808308551,1.311535956993339,-1.4610585544337127,0.35910346132201854,0.9633266507442055,0.8332205230184849,0.617333850485049,-0.16818374438790903,-1.5243302502941263,-0.048844939596416406
15,-1.4621851867891789,0.06327332233611985,0.7978553897821572,-0.0064643428216290605,0.385737244661695,0.005214287545398356,-2.65127392468662,0.1119252089782933,1.9224988353260777,0.7120465033529655,-0.0780949117595637,1.849006165017279,-1.285007751156493,-2.08146288966529,0.08452155168897409,0.0,-1.1208440397987296,-0.020230127686810248,-0.584075485979899,1.0669753542353555,-0.8767362150588958,0.05262772875382743,1.1137540199166078,1.303169962663391,0.9153599717045403,1.7453630051833025,-0.3386403911447923,0.44083704853577904,0.09508245048458126,-1.0741452647135836,1.2235500107630255,0.6077017797918186,1.1282440747299938,1.0981765826408663,-0.8372428506216465,-0.4959311519403056,0.05204163554470065,0.9974045721169406,-0.6235118557650353,-0.2073574922625587,0.13883985102981553,-1.0200420038512952,-0.06655988838272829,-0.34143145638797273,-0.03913513397391899,1.8418215190559362,0.4469101942931029,-0.23922661073208346,1.304617493745823,-0.009686271070383267,-1.8551648019421856,0.10950725490606307,-0.20469254099623943,0.8660302875875874,-2.7879647004052686,0.9472024050608904,-1.5024458371704894,1.269195507259712,-0.20595848217725646,-0.6505878562021713,0.7095670635880786,-0.7740213103629849,-1.796397295254649,-0.8374654147852191,0.062163332161297,-0.28397404702963996,2.1121273185053084,0.048480880759395294,0.3464728669153489,0.7548237558262195,1.3920951870771203,-0.6476982920550167,-0.504508099601178,0.168982703817044,1.052070212754783,0.9960732620526556,-1.1843337610099705,-0.11280325488845964,-1.4585371422387876,0.578604789078989,0.5281927726988475,0.8864695873504467,1.4637302286277636,-0.692909121508049,-0.0554481982907672,0.6240037648219358,-1.479638299910701,0.8441853181438767,0.9320072312932819,-1.6829827938696549,1.846552401427654,-0.31851494352480975,0.7477106461604822,-0.7900020756504534,0.4029495752060851,0.1425101340207949,1.2592660643506701,0.31554975019290893,-0.5831812890868127,-1.106630435025642,0.3728399783272067,1.2676475150027033,1.6309739032195554,0.16645045269890146,0.5142295717602636,1.6513754602886221,-2.446504422840715,-1.2275105738305605,0.08141731229418624,1.1918320719790283,1.5630525052758228,-0.41903428764881956,0.07518141965840801,-0.45256796827786494,2.037837552878615,-0.33069149696714184,1.1428213422670603,0.38789922824936773,0.06069659266925169
16,-0.676912395678638,1.2617787464268118,-0.19393724532486628,-0.3787701174054644,0.8231328589125578,-0.6794764823516809,0.1452634942931882,0.6497522007238293,-1.6965491640971186,-1.1104294738488163,-1.9658973515689306,1.415507080780274,-1.90922465203614,-0.9253268631275727,-0.9355678049658187,-1.1208440397987296,0.0,-0.977499784861182,0.677308006469888,0.30087562955933583,-0.32847739804134923,-1.1925981943076651,0.16570691092872486,0.918867811053748,-0.31870563908305055,-0.3386315900099739,-0.007062364224627342,0.31385975385674725,0.5881590871688024,-0.34909317908204746,1.082179866615476,1.837353137901864,0.20393941275184407,-1.400608447790504,0.5925010731446371,0.06627700943618789,0.04047945200038769,-1.1013869153206484,-0.5490245572120438,2.096253513825218,0.38797295437835017,-0.5992091275182032,0.44784029606557463,-0.27369026610949465,0.8364974790119368,-1.2715397557655548,-1.7267406215684078,0.33450374460350285,-0.6058900512693733,-1.0405187567740524,2.59528300477948,0.8426451402501389,0.08763611590230025,1.5531271317844266,0.29054876420349346,0.6703001906401435,1.5295175630758906,1.015407898745948,-0.6122918378480013,0.29771587584562437,-1.3128993564180533,0.30777754255904105,-0.5140671640597703,-0.32273973175287907,-1.5385111070451942,-0.6276949621867927,0.499086713128548,0.11377183039946338,0.5649077756203793,0.19388140949738586,0.037952467717224804,-0.16684763270589661,1.4205587797768617,-0.964933295703946,-1.4329479127239533,1.0596718405602532,0.4356969959095927,1.884608105668694,0.1353303126735391,-0.6586397404759844,-2.388179673899074,2.0083590390298247,-0.7399611759859448,1.5972622290231735,0.5393127689402362,-0.358197227925632,1.6946493221417467,-0.7816063430844216,-1.4564230295338638,0.9947506639598521,-0.2268403164774868,-0.07220313597788709,-0.5431026096091897,-0.38672073452983596,0.07949625814217674,-0.4688466590378597,-0.3438007000575484,0.0784044700586414,1.5710498284707946,0.4391011410487522,0.8273980100941427,-0.3706107458013928,0.32092450987844023,2.161218440150825,-0.6791791284270335,0.5012144969249893,-0.659313337386978,-0.8918286655154753,1.0077346584413496,1.0835419171081382,1.6430466424662422,-1.459241140397518,1.4308253270708282,-0.8149918376953523,0.23320633522644302,-0.25526386496767844,-0.5261416688089421,0.9131324615325878,0.7614827056128831
