,0,1,2,3,4,5,6,7,8,9,10,11,12,13,14,15,16,17,18,19,20,21,22,23,24,25,26,27,28,29,30,31,32,33,34,35,36,37,38,39,40,41,42,43,44,45,46,47,48,49,50,51,52,53,54,55,56,57,58,59,60,61,62,63,64,65,66,67,68,69,70,71,72,73,74,75,76,77,78,79,80,81,82,83,84,85,86,87,88,89,90,91,92,93,94,95,96,97,98,99,100,101,102,103,104,105,106,107,108,109,110,111,112,113,114,115,116,117,118
0,0.0,1.6349290746377578,-0.02500745655696045,0.9991763473761314,-0.49779321810413807,-0.7379745794007804,-0.6335190055554725,-0.3871413476904569,0.23323465372207666,-0.9866479362128611,0.4467456759445872,1.0479382458507471,0.03702216426932592,0.571993423949249,-0.13107047540507152,-2.0566249609880947,1.3572283205604618,1.2171170523157453,-0.0895092789335187,-1.1475982382234944,0.7953246346231497,1.2267700367225585,-0.6901614959640882,0.21169134942999102,0.07624172913492576,0.10012261829537114,-2.030939981581417,-0.18636870862757063,-0.5394221152178853,-0.2994417341145544,0.3557833711552834,-1.7834610038100378,0.9513996936154284,-1.1905036316980149,-0.7002570916968653,-0.9790836972328724,-0.6033701180817782,-1.3374822612563457,0.5561773678170769,-1.4712618301330205,0.940390222102447,-0.7858311336807308,0.21860848149769835,0.2693586621145319,0.2417305956907409,-0.5578906104840504,0.04906994436163187,-0.6423649734282655,-0.6014813317727714,1.843033050468683,-0.9711424671687148,-0.06102121569341769,-2.153208455077967,1.3883467469925646,1.0031533341949295,0.48227259287835533,0.7521653623504678,0.728243550879356,-1.757569306867208,-0.28454608208088117,-1.327216036542278,0.08803285182994365,0.4307241282929355,-0.7477812374327758,0.585850393613709,-0.6925010991788619,-0.8122756144199348,-2.496071150316231,-1.2151211496262588,-0.763575304136187,-0.625491340966071,-1.6970659707915015,1.1307669493271908,3.141608051927462,-0.23642171178798485,-0.17575420423672242,0.8173955968226109,0.6360589994038386,0.1247151056844087,1.5938720975326155,0.004985391751361886,-0.8415380501869236,1.2774650748708296,0.7163050589951006,-0.07194782292309813,-2.0572220894102022,1.3189503786995311,0.02421294258030729,0.22768309880828225,0.8436062226889854,0.06740498784634091,-0.4586257607503579,-1.4703333633242504,-0.7905869002880673,-0.015784954886879636,-0.31367567435039545,0.05251626193183045,-1.0559435296443835,-0.14115738130130637,-0.9179520476220262,0.16659124275363196,1.1331530145903834,-1.6895824476835597,-1.099818499435197,-0.41998725482086685,-0.25165740417117255,-1.0312346930806795,0.2780003391302105,0.9769148396430055,-0.14303488281976776,1.033428250724311,-1.1559994365378177,-1.9558510378176774,1.217962782795418,-0.5740965357042039,1.2534851866811332,-1.615770712179973,0.004741253730297116,-1.2130629622684612
1,1.6349290746377578,0.0,0.4661081894351049,-1.2562168300477805,-1.1444183400993693,1.4626855639469127,-0.5485990096272055,-0.8365768924915481,0.27000954845508385,0.34954712219419404,1.6957735468260071,-0.4728460263576348,0.08955053095072453,-1.0444023646197187,-0.11316566905245312,-0.3469807754660442,0.9200001905501095,-2.2465439688606885,0.5703237756916821,-0.003269874731479523,0.828426756397638,-1.6219236531389292,-0.3083411054302794,-0.4519503583300488,-0.36122626291155263,-0.189401762109556,2.5109717812047974,-0.03283145163671614,-0.5676052095551651,-0.749541125170111,-1.5584563921541432,0.6654013812812257,0.5775201927930864,-1.059770904792584,-1.8189665304870033,0.7767288523011666,-0.37036427568235547,-1.3434507431191127,-0.9619085259825333,1.4805556680354466,0.5850731725813597,-0.7641446346775631,-0.08617859957292648,0.37370538884917376,-0.18772733907833236,-0.4076741212385046,0.8116893892970745,-0.8239507306092723,0.4110589494419379,0.6707600363801788,2.0727032708490927,0.17159915217432334,0.03417251297638988,-0.46885169365910695,-0.5753038584161008,-0.7671932553739675,0.6464341936440463,-0.10223425105924619,-0.5152935769102697,-0.20958283991706014,-0.36852512072458793,-1.3846627639345566,-0.7229069293916766,-0.19857370803182042,0.07211900472385711,-1.3788616774766254,-0.169947435543955,-1.2921303165927351,0.7408980585073323,2.266366564147076,-0.2997979995644835,0.8650250796210006,1.5039024924765836,-0.9304366142760467,-0.769912839107982,-1.0798404813137774,-0.8509043877168015,-0.2516650272070995,0.6303924208302982,0.5374376747808909,-0.7716548107922936,-1.2803854877256027,0.9326767645461169,-1.7176753850169415,-0.4446473905552943,-1.5623570896969126,0.7590624477535411,0.16758240041153866,0.9486168704127,-0.5180571190756906,-1.0561841673106251,-2.050406729691817,-0.4519135678315564,0.3401575128940558,0.1271099979072567,-0.060320934725114475,0.23802405830286014,0.5402234668918641,-0.4286867471254791,0.7164186380444864,-1.8841618452861055,0.8812399341303544,0.1175999697127078,-0.042737496263994715,0.03862448734059517,-0.6080180144762416,-0.01978840245906231,0.2759125490118408,-0.3498424898374671,0.07294748932554579,0.7952601179790548,0.239048059740507,0.6250394654357114,-0.011209000281955905,1.173009318482915,-0.4919638326200027,1.7331238087816963,0.5325816542626784,0.42834162129518605
2,-0.02500745655696045,0.4661081894351049,0.0,-0.644464867075305,1.6841464127577153,-0.46988450168391466,0.32721353637613404,0.5630050378436137,-0.8660019119352453,-1.5081090927326424,-1.1352953821456078,-0.1968311231140176,1.181791481683081,-0.3424617815013284,-0.8650666522086039,0.6154873566672971,-1.1874243837024492,1.1854134811302919,0.2802506988264928,1.5017940154829905,0.7924167782585625,0.2131821380284767,1.0546744353735458,-0.29985176069757824,-0.09738892678195928,-0.6858493870530074,-1.049294377143096,0.26886036125324186,0.1592296919636157,-0.251299199482803,0.8630965750202061,-0.3947391814298784,-0.16925949254686012,0.40811149349186876,0.1489526715783493,-0.423979407453082,0.5319484392341604,-2.174160191306717,1.6869096179668828,-2.115818733081855,1.5517225331308933,-0.06343786832961103,1.3938767789491748,1.9865607376807124,0.5794868090574051,-0.284767924845129,-1.1583897766241873,-0.8197234413582608,0.6649487895016312,-0.2340596506429388,-1.0316999035237149,-0.36914079977157627,-0.5959682652406535,1.1060676656769115,-0.6958036326008813,0.7014899287934573,-0.9571200708111792,2.6302269070992566,0.8354881287138987,0.33998668006436233,0.4025346043002787,-0.8033539545297432,-1.1492592713363758,-0.6902519026747918,-1.0651946792412086,-0.15245068399226686,-0.7161009398795217,0.10903348529586208,-0.22596647067441178,-0.9901854464274037,2.1153953128973315,-0.1575136331607629,-1.5197863771743347,-0.7604712654083666,0.3217902617244913,-0.14252971173646564,-0.8203196512109371,-0.18571151107827735,1.3509386172963225,-0.22205496345769657,-0.5051731193633945,0.8787695122270149,2.0158188937949406,-0.4468608328178355,0.2552371942638614,0.18251952910987324,-1.1606433043581723,0.34876712064090737,-1.1731656808583013,-0.8820985614165896,-0.03340299458506923,1.395297884633565,0.3573726160957356,-0.0528451821641037,-1.2639457870474038,-0.3874976043536071,1.4418152128270978,-1.3213774978136006,1.424068735725479,-0.7707243738345491,-1.874577494265126,1.9094306402869585,1.1812039854417333,0.316107235750587,1.265070013426608,-0.42866214174327666,-0.3333087899502053,0.5441247227774896,-2.590602083826008,-0.6860630859142965,0.019372930862030662,0.7640180580799631,0.5745998069235134,-1.578778501911587,-0.1544110951662442,-1.0763099190602803,1.0348247410426956,-0.006867832112185217,0.6939571346080827
3,0.9991763473761314,-1.2562168300477805,-0.644464867075305,0.0,1.4995349796670818,-0.56937863290853,-1.591447688439371,-0.16957522288735122,1.064811546744441,-1.405990556318069,1.0299537802871983,2.4174982179500564,0.2340112825869465,0.2108971215613467,0.32478319278878437,0.2800405683279189,0.5672485224920616,-1.0330838189317537,-0.15663498752636157,-0.6434764996557059,-0.05777056339167414,1.8418445746258991,0.13422066059619292,1.5982499854677812,0.7842803102371313,1.223906712220841,0.5734980837391364,-1.585894928329548,1.1829669423924636,0.3786883115913559,0.6597726754371924,-0.8683915308957684,-0.555757819365906,0.6171952416665106,0.2578844167298907,-0.5184921020381845,0.042909089634225246,0.5487703595908602,0.5176923389311086,-2.0563896303382245,0.015790794875320677,1.1687797359587702,1.0863354209331098,-1.0438993271674901,0.10847724878951995,-0.9173028163348389,-2.533598757826238,0.059782890032559724,-1.3777247707595544,0.41585690109467577,-0.9943100406296463,-1.0249563559717234,-0.006413779086747686,0.968633008292147,0.7537482312505692,-1.0329072918391589,0.06284018681496724,-0.8868321632270928,-1.5676996972675765,-1.5582678185876024,0.42836342197652977,1.457889262539636,0.8252712889058178,-0.6351933901172607,0.9506597835302993,0.8691226742931482,-0.49410341039221745,1.7723383332009628,-0.4216292691609744,-0.0401494854179717,1.1080102523282744,1.8608664027794914,0.9999881958735258,-0.07743019294083513,-0.09079875269981563,-0.8273878138222016,1.2285598218568754,0.006440081398828122,1.4786755962223583,-0.36093554651873105,0.24787887339384065,-0.6257592460627155,0.31283959215761303,1.592213114545471,-0.4417812657928607,-0.253707830834915,-1.2643844864699736,1.025412663319568,-0.09838795125130048,-1.8570544216986202,-0.8076688670755595,0.37443353296791154,-1.1494130342631315,-1.9190030313296476,-0.27774339761589145,1.5978871223724431,0.8364432315112815,0.1512398123044781,0.040850794008360364,-1.1373166291966232,0.8694942060756563,1.7815459073736875,0.22957398797012984,-1.0941645723602393,-0.5512041153003236,2.246440154069253,-0.3333537610612571,0.13637657195341746,1.4733850312886492,-0.8795627230748495,1.1110631455895406,-1.3973025587839638,-0.1522317040825457,-0.0925884825584873,0.5664789235739072,1.7828371052105516,0.08639662690739107,-0.12261918904165842,0.9015502040681701
4,-0.49779321810413807,-1.1444183400993693,1.6841464127577153,1.4995349796670818,0.0,1.5052106522492572,0.6767535473684247,-0.7847147792939685,1.3297564564830309,-0.12305856436721752,0.8607790454169015,0.21249785953091638,-1.0023608353653988,-1.926833709994468,0.20856543601874883,-0.1603406895355954,-0.10833108198122172,-1.4166467363819992,0.916580788541064,0.7224661007957688,-0.5960895047602089,0.8388661919318499,-0.7820977207597057,0.5191756021681925,0.5952439886302191,2.1485806365718654,0.4613102356390193,0.07719415584106672,-1.266371643957705,-0.4420206017192292,0.6319262356178058,-1.768446239766343,-0.4708052070478243,-0.2306073954765307,0.25380034086665443,-0.02419228034265828,-0.6822420374157236,-2.198101592644941,-0.10184144532064295,-0.20478830634576342,-0.2558371276313473,-1.4502626173614868,0.9746110570691788,-1.346480694795308,0.8304302105078969,-0.2243600530179928,0.8132933579824743,0.24270420268848028,-0.7039190721414839,1.2576264732810227,-0.7201611435897856,0.2631933089133807,-0.16903729031358805,0.9523469174247955,-0.34532175894258565,0.3260915191390194,0.19179563352110895,1.089778215191674,0.40445776432311153,-2.0821773140951367,0.2558300738019323,0.36142903950162936,0.2824570205209296,0.2972482528213761,0.6690749711199888,0.009993590101733743,-0.31108331319333166,1.9563440393427667,0.8051821107390276,0.7084114213697738,-0.06869100660969515,0.5206925549648201,-0.09833714604604527,-0.17016060208100367,0.40882545407662,-0.5335266299746456,1.5377737968675906,-0.9698023681599145,-1.7184060916304098,2.0100405024488293,1.9417397295378411,0.47658528523988414,-0.9231752786457716,-1.3718480708619463,-0.281381380509881,-0.047704086381046826,-0.11822576838574164,0.8412720491336846,-1.8739216650973032,-0.5222159930647797,-0.33644468237947334,1.9864993730327611,-0.5849199506233903,0.6455630582773585,1.4137848538936488,0.09477611576956924,0.7184640955976463,-0.3650204362322503,-0.5494377004906386,-0.9385677782185159,-1.7428699115205144,-0.7828390122319726,-0.48228007911122245,-1.319965429345861,-0.30392887719841516,0.8913105351317557,-0.13604123100218246,-1.331735763387079,-0.6514733963888977,1.5555799229425729,-0.35089960391100244,0.4013870232008449,1.0524245086629258,2.085022713319339,0.36953528218879494,-0.5685958300454611,2.0233241939482554,-1.0670262601415228,1.3298710446905755
5,-0.7379745794007804,1.4626855639469127,-0.46988450168391466,-0.56937863290853,1.5052106522492572,0.0,0.17239138171161383,0.9160955029087112,0.44728569648956956,0.8870141642815585,0.3874143168384452,-2.897361970337636,2.203208234094174,0.8116544582847507,-0.3394883027622535,-0.07451323490466097,-0.4035615268125461,0.2791396390531823,0.8077186060882995,-0.4839361720204923,-0.4858099646254401,-0.4167666940929119,0.8868381702341398,-0.023702508669482775,-0.897601646329192,0.41297754527624575,-0.8714052678124478,0.744826208981057,0.060212016932418795,0.6192859939318476,-0.2465220079270473,-1.032675473988529,-0.7208933649729062,0.8825657951797359,1.0931003080037303,-0.24195433314006864,-0.5033556256700211,0.589713099914767,-1.198492487278357,0.2372363184543843,0.837047648743122,2.451452141769805,0.008155297236720436,0.394243595907496,0.2520064304186495,-0.045568670793315204,-0.6921140025058709,0.3427626317171138,0.4048133847945293,0.8895512360015337,0.10367729116218309,0.22842934520093047,-0.13948456944599294,-1.6845568879373614,0.6086813629891866,1.8673569865998347,1.848164977523663,-0.4790569588125985,-0.07912716316383128,0.8173492765965602,0.11959081158572608,-0.45217687428000697,-1.0001300746654822,-0.9931504083049467,-0.1323269533479849,0.9597914838567665,-0.7801292097920719,1.5699948079085746,2.6430741201050916,0.38633520205804295,-1.2299820593924664,0.03765296223882618,0.06856245120498045,-0.1744170043174569,-0.8591941019196181,0.8535864806980035,0.2450190820821547,-0.22321744460941995,-1.1753378390311353,-0.648446869506755,-0.5766370642293178,0.6185404699450878,0.27568533097371734,0.626957343891916,0.5684746387011005,0.48518860464775654,-0.006132597638731618,0.44947031514270397,1.4720385946713976,0.824680502910292,1.252175708554267,1.246996054263838,0.1490580798793239,-1.047777600029765,0.7451894418203269,0.4418722395791263,0.24639490142150378,1.3114583077842317,-0.4761612615284476,0.024498772088057726,0.4895088192916129,1.2504714463654492,2.1083735136052217,-0.15507248834219592,-1.1448343490988426,-1.9790565535413809,-0.4225706963479937,0.36272593966781486,2.181225188271573,-0.5138591420495329,-0.8568603678665845,0.03513424634198578,1.5856065433655468,-0.11783327482786972,0.3622804880566751,-0.1377095755532956,0.07458184329596172,0.006548095896270136,1.005141354421398
6,-0.6335190055554725,-0.5485990096272055,0.32721353637613404,-1.591447688439371,0.6767535473684247,0.17239138171161383,0.0,-0.008990392671836153,-0.47645978750206847,-1.1834673728566198,0.6946561677867457,0.7455642865944017,-1.0720839735720753,-1.041415405249243,0.08119392450414716,0.2514168750929331,-0.1587297599691861,-1.4222633627133734,2.5485404684593234,-1.3402637753115665,-0.16723832478077394,0.4046650877983779,0.33904284995841677,0.08349053042553382,1.3385584410329168,-0.4992628171157123,0.2522492966399663,-1.5218303644364342,-0.1459345693366712,0.20317960359710546,-0.18164648020181334,-1.1663538132442197,0.18788153774544752,0.24451279143101423,0.8872053520985507,-0.9643321807737224,-0.29857475469688627,-1.6431612040000732,-0.5434285283665774,1.211530626278753,0.48784844047664444,0.27193169009244317,1.0124260302061168,-0.7012192247880992,0.48502230996826673,1.3857307356902966,0.14094638806722826,-0.8559323683946769,-2.2522106204038734,-1.5459896454914197,0.03676985558357956,-1.1812457869245476,2.7550542058601133,1.0002080556137878,-0.31205594155557964,-1.0136006206058974,0.3723303576389884,-1.2747169156347367,-1.7707133903004346,0.5699182044035601,-1.9132907932707386,0.08806797931797176,0.7752172071088075,1.5593766896517378,-1.0270405223524566,-1.7993313108052378,-0.7685808438755539,0.607092743036302,0.1547852306543301,-0.4981207822314062,-0.966564009229075,-0.15553165854397677,1.482691998104008,-0.8694774280471126,0.27300452718468315,0.20534850491137974,0.5961926688310731,0.07641828843721782,0.6037635949863438,0.055373910863608745,-0.2639158281033208,-0.1250268498237232,1.6658520985344643,0.6381710576184253,1.658937375824464,0.9738526832856215,0.41863950424799085,0.7483373698217979,-0.9374042451009204,0.32744871871888015,-0.27677295520893225,-0.46808689832782036,-0.8344350599112259,-1.1745931796413172,-0.8351338388971613,-0.5810946487651472,-0.24001580551884413,-2.055340755520042,-1.1942672817140938,-0.27572267015124297,-1.5439538858766995,0.3536573241834684,-0.34591291312868444,-0.6665641457540838,1.212561738776808,-1.6794167618566391,1.807781783844742,-0.5022964041773983,-0.02738988848922068,-0.5860427773411006,0.44757935837224905,0.6357671337291946,0.5411145387539011,1.4652147323452354,-2.4721583444529545,-0.06809176123909126,0.5828011639883123,-0.04520325152276073,-0.6455125455749178
7,-0.3871413476904569,-0.8365768924915481,0.5630050378436137,-0.16957522288735122,-0.7847147792939685,0.9160955029087112,-0.008990392671836153,0.0,0.3860594900573437,-0.544672300134831,0.8966811232421077,0.20075927088826276,0.9550700737020438,-1.7467712903735928,-1.4444975619803968,-0.33651907898093225,0.5838272149996596,-0.4452377804929964,1.4169209900200868,0.5507043776200161,-2.590148117737683,-0.9381941653623689,0.4438806167102686,-1.0632155981130578,0.9190127004010586,-0.6518627255023101,-0.7181530109116505,0.20231898008213406,0.2616082480540667,0.48189974592400053,0.40453316969788444,-0.5410240896806789,1.6954978522559077,0.6992349951648719,0.08484018388229236,0.14890694452766343,-2.040857663425126,-0.8025891579687845,0.3326593945896908,0.27223619148628647,-0.037342234293923374,-0.2109904447309272,0.21665292067514805,-1.3856120190548094,-1.374709014005619,-2.4216514494360815,-1.9239499339989166,-0.1439519941186735,0.20297201163893303,-0.364898928511734,0.9726303826288316,-1.658854305463429,-0.5040568105256871,-0.693651710874401,-1.0661065801190217,-0.612956914506155,1.1750628659900009,-0.6374213871304187,-0.13562040382462828,0.052846352425409325,-0.15990377193059468,0.5308223513992401,0.21299117516802726,1.202420658262379,-1.3123245553968725,-0.5435290152114726,-0.7918114545572624,0.7896277646829543,-1.7053865160419956,-1.0217346258076927,0.8817821379249557,-0.9778538915396163,1.2929635710310052,0.2990314502258045,-0.7214457217662673,0.5151348760311522,-0.2590356139862672,0.0013945764127279857,-0.5176965837724173,0.8458995427611065,0.37876779389176934,-0.2955484460164001,0.7509586730114919,0.38295713308492857,0.013873535241000708,1.2114290107314407,0.6967547044002796,0.2450358659146282,1.1082248279991371,0.16786772945088116,0.5267053614098628,-0.7103594742539211,-1.1074156970332092,-0.4608312562499965,-1.029421132370246,-0.23684046997972955,-0.01103979653401265,-1.1484756849360813,-0.7938545622112931,-1.8573495358337655,-1.422337624131835,0.7454903855202849,0.9338272107909344,1.713149172931515,0.19080056409268725,0.3824354555415862,-0.33805660597385595,0.6472864426930879,0.7882121922709207,-1.725748717877004,-1.110146143899849,-1.0072310671777536,-0.04645701586498901,0.4489204920711318,0.6059793394631331,-0.7343384971343859,-0.6382864950513558,0.2330209279590351,-2.4876947495019857
8,0.23323465372207666,0.27000954845508385,-0.8660019119352453,1.064811546744441,1.3297564564830309,0.44728569648956956,-0.47645978750206847,0.3860594900573437,0.0,-1.2543118159886606,0.3749831039101172,-1.9085819497556278,0.014789445207861572,0.9242296258903354,-0.8816809748564371,-0.09502699330089535,-1.159890098120033,0.4761418176884247,0.6303820070004966,1.4036346309304721,-0.04787789576151034,0.39752274586038594,0.3514112498494712,0.604190800185153,-0.2067739356933366,-0.2912329580260132,1.7546629726247547,1.2285343609513049,0.17523424965064857,2.324186954579734,1.1252372410282712,-0.26033690434704776,0.14106471457060885,-0.3363193321612662,-0.8843581299831207,-0.6934490795392391,1.3325204110630045,0.3665289496825775,-0.7056082511199461,0.1461204022825746,1.2613306973633864,0.4562396651620157,-2.019470512491517,-1.945913306588337,1.446102025713713,-0.9093475269848768,0.08683902324004064,2.465656781632374,0.12873844211092383,0.2476572051707059,0.0583974068699795,0.7721794996446675,-1.1563129261373615,-2.4269333623543563,0.7015091922479908,-2.0686539310356142,-0.7845865302517925,0.7532227709395083,-0.6840565760222417,0.9890062415860008,0.4421108231627057,1.0575416468954983,-0.13624231610885892,1.2108594084132867,0.3730696262143347,1.0499540953455189,0.3464790265140203,-1.9156787842160294,1.2669454916033787,0.3994518731486454,0.4557338846038846,0.3572301164199827,0.04686668301633065,-0.2969922763125961,-1.739240885732752,0.1846265217664484,0.36576721732218775,-0.24213108988870652,-0.08065038365280933,-0.03639079972638062,-1.5077993634532785,0.5782743008063753,-0.3136260403531427,1.2762960869272382,-1.0076777451413583,0.2055560391605444,0.024162184902176167,-0.8556076571924194,-0.5501904767174701,-0.2983061535824162,0.24134525781993468,-0.4398688131296666,-0.1839264224809994,-1.3490269716637637,-1.5354574812570863,-0.33684515175104796,-0.3421488457817125,-0.3117463852029709,1.2126077611278576,0.37757470637206947,-0.7688100115865777,-0.1419895644394755,-0.7351425789262134,0.8339984290859812,0.5118441898470348,-0.5391892912033811,0.2299559601851379,-0.4044780168568596,-0.18686531230976594,-1.2708395814899325,-0.2672300321622726,0.12286298178348337,-0.29661071898147917,0.44229609797438446,-0.35695386405017393,1.435670281630454,0.2948506524380749,-0.8471214485528427,0.12390243755614505
9,-0.9866479362128611,0.34954712219419404,-1.5081090927326424,-1.405990556318069,-0.12305856436721752,0.8870141642815585,-1.1834673728566198,-0.544672300134831,-1.2543118159886606,0.0,0.08798101267648742,0.5127436593137075,-1.7320740793863636,-0.5920578481062608,2.5237509155192535,0.9743838422280361,-0.25311319080531625,-0.22903322834840004,-1.4466980777368446,-0.3340302264622285,-1.3957891390032664,0.8792198581364946,-0.17225282512203446,-0.3302736537312943,-0.32938456638367447,-0.9191941945582381,1.3533157800023985,-1.0519254188242753,-1.199511938688471,-0.03515970989006075,0.8386217656119395,-0.07002552885192197,0.6406407742161588,0.06044240125041712,0.9715625009971576,-1.3515773359790626,1.5336977499555347,0.7407966569509976,0.40483433934591556,-0.9221758148198289,1.2055081337840363,0.6802639377408197,1.1187276372702202,0.7133088374242319,1.218082189570628,-1.4075461114513346,-1.0982075408843235,-1.1815654639968136,1.7874729915039695,0.5789070700513322,-0.18380038905712523,1.4945922517839128,-0.4465764413272809,0.5644065356953474,1.5372222141596092,-1.7518593594168514,1.0312432725910554,-0.32962721736406825,0.14094186271985715,0.6664718491654243,0.6166044171775807,0.08237139690406094,-0.2458116844852622,-0.43223576484978365,0.6326893331814712,-0.14266818684203614,0.962045372868752,0.5874229254321515,-0.04107288352258879,-0.5346907485192133,0.7089302769797885,2.6970187431934263,1.3072703245752724,-1.1538840079726533,2.1728427902176586,0.3186195945769326,0.9747510812229971,0.6553882948120395,0.3360174405487534,2.091101942723577,-0.2665110154912452,0.9100898360312886,-1.0984440237955833,0.37595133790052565,-1.4672041055030733,-1.5833104047829791,-1.4386432748758826,-1.0802034863997418,-0.11635570518744107,-0.4103806576846038,-0.7003774873397963,-0.2719540675091779,0.9329264491279704,-0.9798665519173088,-0.46329477816337394,-0.6044105826459949,-1.498625889445507,2.0574094584201195,0.36499700067657614,0.42008969655700773,0.29049723226548013,-2.3871108800325107,0.8810210303623087,1.190035906376119,-1.8476730874712792,0.36053181532852424,0.9566311876502639,-0.8049883731116524,-3.3103182745873356,-0.4250312358825161,-1.7476201363383843,-0.697133707009478,-0.9918898440085955,-1.4865982913223843,1.3982511703944436,0.9290413370446972,0.49706774753580185,0.7338112145698977,-0.46294023194555023
10,0.4467456759445872,1.6957735468260071,-1.1352953821456078,1.0299537802871983,0.8607790454169015,0.3874143168384452,0.6946561677867457,0.8966811232421077,0.3749831039101172,0.08798101267648742,0.0,0.26380430785131576,2.560375021106501,0.5058840040590911,-0.6698680845145033,0.8451596865122067,1.142567304769144,-1.2622654335991406,0.7515406262783386,0.945576626000589,0.8718974152659922,0.725805838873297,-0.9724413239406162,-0.7452536149474736,0.8414929962722737,1.6277152002511448,-0.021344038274455572,1.1186857722372008,0.8033989466028701,-0.37779248329141535,-0.016965051915891205,1.3278630991268756,0.2853397117427259,1.6706659541846036,1.0080414663502795,0.19819986757692631,0.7744733963075002,0.12239897434596857,-0.4702818004074885,-0.12526386988044547,0.5061913783755166,-1.4103638041738749,0.07732781369074126,-0.5092052562780084,-0.21159377558458126,-0.5561682819273011,-0.12673356797979016,0.96683362116628,0.7824563564238394,-0.7962972497360843,1.0219341099048138,-1.8207503707194972,0.6168689997742723,-1.379204794405212,-1.193497584435816,1.0556223700489096,1.6358503487000176,-0.35026132819637307,-0.3772408633164009,-1.0209243595855648,-0.14138021433732068,0.27695668955098895,-1.5613095769849419,0.6639125940380343,-0.8583044788561559,1.2294086047988766,-1.7543626761253233,0.1553510257573145,1.0262434389843873,1.9920388054140428,-0.7881414100811714,0.06905561268214543,-1.679348928275696,2.353834620541241,-0.3529994477255597,-0.5775520367415282,1.7214024985733292,-1.4207472155604322,-1.2950566949128557,0.17158195705250806,-0.6139358541082744,1.5410624888332456,-0.46489310063062544,0.36206753200471636,1.2489379032635055,-1.67679456788284,-0.4164923342285939,0.4019038400687303,-0.6986838666123063,0.6413125240196926,-0.019402567936238707,-0.45677749521032934,-0.7351727354463433,1.1863632290643245,0.8142942450170687,-1.7089740450357875,-1.2301481814581186,-3.4558550060375173,0.6848131438274634,-0.3491877640642372,0.5406067660320055,-0.022606601981495642,1.3276974711655867,0.9487651152016945,0.22142075716078602,0.9727591991271698,-1.2630781611440547,-1.6284357625862012,-0.4539409971251058,2.1983882942901354,0.31132627143276015,-0.639602546492143,1.882401211340239,-1.1494010661087608,-0.8188016583518948,0.6000071167910318,-0.7722941982389143,0.9092748104434349,-1.1185286745150431
11,1.0479382458507471,-0.4728460263576348,-0.1968311231140176,2.4174982179500564,0.21249785953091638,-2.897361970337636,0.7455642865944017,0.20075927088826276,-1.9085819497556278,0.5127436593137075,0.26380430785131576,0.0,0.5896994255692293,-1.8109192475215623,0.2575675681599633,-0.49895278132181786,-1.1749873035401264,1.0748463876497596,-0.3374608704824724,0.6244714544427351,-0.04617267042002137,0.8873552959311156,-0.5397083942220913,-1.3542005350665949,0.1988130810756749,0.6608029387629301,0.2655593933048817,-1.0703166219523192,-0.9947542019997563,0.5808786375626298,0.3478695117678418,2.743222358148438,-1.004761608192033,0.7216478017465539,1.0339652492265077,0.8941418342982782,-0.9014763175223919,1.3849434739246422,-0.6564055750355288,-1.5616134382049582,0.5057048558671651,0.7706738890735783,-0.9642657090374077,0.6485773249647573,-0.4003175717870274,0.6947726599682961,-0.14655192858692784,1.1146912119997856,-1.0229311554819778,-0.6345234603231839,-2.06361406671743,-1.6307629509567796,0.2526022583953537,-0.5164482322896914,0.10020753424753398,0.8399226840644829,-0.45196591510651846,0.9555047971699352,1.177100209558484,-0.7460905958712948,0.5348151215876796,-0.49792307248803497,-1.296725951336205,-0.7821471350859552,2.3588149822664533,-0.23687813025606444,-0.671841424777044,-2.3146766713183227,-0.3310482933916809,0.16107800964793337,-1.4660392089757217,1.297208588148913,0.940752689668845,0.7503674613735206,0.37286933446388737,-1.8859573104532887,-0.7142442153670219,0.05680320369894222,0.2941842233075489,1.1711431379680277,-0.5469976801519757,-0.753945746338674,-0.27688397707061374,0.8377533457911857,0.6930741511904546,-0.15435839821678696,0.45081598916725757,0.08454819357252101,-1.1555405149311986,-1.5327898349250286,0.5634453684571187,-1.04110481143193,-0.5247677864331552,1.1823282955006607,0.43453172651156763,-1.2293010394728536,0.8676816996809313,0.6619430309139733,-0.16382728429046176,0.4100586802200054,1.3155299511704974,1.5618133935193699,-0.09440148808680286,0.2345937422656971,-1.5637614579725958,0.5907974838660306,0.2806717477831249,-1.5305936313940105,-0.7424677147552532,-0.26095316418820597,0.27379004050894507,1.9954072457632415,0.6813226478841862,-0.1373207527721482,-1.3070214369064388,-0.5820431555060785,-0.5765691495800571,-1.5167614130670932,-1.0792135815611992
12,0.03702216426932592,0.08955053095072453,1.181791481683081,0.2340112825869465,-1.0023608353653988,2.203208234094174,-1.0720839735720753,0.9550700737020438,0.014789445207861572,-1.7320740793863636,2.560375021106501,0.5896994255692293,0.0,1.1022444072416586,0.7609450620670513,1.1802035793740797,-1.4768620230195295,-1.4093935555280184,0.056029587134045246,0.09321017435800265,1.283083493778016,1.7276256801688572,0.28006886432857997,1.0375990932112076,-1.1674608955141612,0.4145956059807771,1.7282202874209516,-0.5862338785874809,-0.919040244616343,-1.1870480312468288,0.30670612020276034,-1.1092415375944715,0.717317568943496,0.6698052562262381,-0.5179484513576541,-0.9275794806062436,-1.0043221092718138,0.27668005622124225,-0.40189705482445665,0.5987317371213303,-0.02376709356257185,0.5622326339055354,-0.770484075667837,-0.537946015226738,0.6590432065352603,1.0582069364787736,-1.1884983745780051,-0.0410886716945847,1.7355235522819357,-1.3510507799658837,-0.1395419313250206,-1.1219845809498041,0.38057016727760157,0.6804093000715052,0.17861955096773155,-0.037141015500048336,-1.1773975259201384,-1.4621690037616646,1.1239856727086655,0.7593499201573503,-0.019476228784902766,-0.3531555835185317,1.4591730600733457,-0.6714068063083616,-0.2562727913328354,-2.720583063060482,-0.022364628408951124,0.5389520480586671,-0.2966481715403903,-0.5058801244297892,-0.3968316446578587,-0.022081698512503675,-0.2764459073125266,0.08560629406723677,0.7776815030711914,-1.6900738873806627,-0.3978725094139632,-0.0647534242348566,-0.9146893326347869,0.0665829746236978,-1.1429034850104556,0.7316802101530844,1.3185439780864527,-2.099451540000054,-1.3773036391476796,-0.7008793414857697,-0.39846538537778525,0.4236852119294947,-1.1839270456604862,0.921521453105919,-1.678212365575187,0.4169503144531467,-0.3302431447272849,-1.073362759487826,2.112444749277907,-0.9763585656451378,0.39039676603759677,-0.3236798938627916,-0.7985356264208607,-2.54493539760245,0.2261638656731791,0.6396244641373438,0.8287991511875141,-0.2650568600816565,0.8274110699935978,0.6674854165484007,-0.9931626892286941,0.011799642580759846,1.582098397922157,0.5138805681451734,0.10585145556360193,1.9704926534634732,-0.4114030075123811,0.06676945506665083,0.14632805278740485,0.2492543150694839,-0.3860302361061147,-2.281462963641818,-1.0351696715333119
13,0.571993423949249,-1.0444023646197187,-0.3424617815013284,0.2108971215613467,-1.926833709994468,0.8116544582847507,-1.041415405249243,-1.7467712903735928,0.9242296258903354,-0.5920578481062608,0.5058840040590911,-1.8109192475215623,1.1022444072416586,0.0,0.6371906091577958,0.7134838035651737,-1.2433806249969421,-0.6992621202037981,-0.873946299224811,0.7049086743053121,-1.1784831358010912,-0.1968864017539619,-1.4129044344597537,-0.6410245455448836,0.5922463738439699,0.6361639453410461,-1.8544932746167637,0.9121326931955729,0.5068757845470364,-1.5712644809043352,1.3851154657101974,0.23074016680706858,-1.8087699645242024,-0.5152987364721748,-1.1697693518684962,0.5490306329312461,-0.5501204652693078,0.42269519611701906,-0.1447865999734851,-0.5977802452638384,-0.10950706857429596,-1.038036294651662,0.06707914831834183,2.128451453375627,0.01956830226277586,-1.349819214286792,1.038165919138795,0.8355915099696838,-0.2636314265810341,1.0794517975030198,-0.6663295199089437,-1.4900461980224304,1.6588077314621723,-0.7337433062244498,-1.9634286282201734,0.56626767431692,-0.2920431189936513,-0.3132826782086407,-0.2909559023854035,-0.5860267775714747,-0.3350326154408057,0.45941811490894185,0.3397489042119079,0.3495686847267064,0.0055908721509412415,0.6478883229856937,-0.015134511975409673,1.2520035125574904,1.311972721271275,1.1739703193610773,1.1014508680825668,-1.9544573157913474,1.2447980769631009,0.5453544205889034,-0.9117905502617112,0.7613971391369443,-0.9008950901107798,1.0243421902963483,0.2461269108411787,-0.2823506719394783,1.4058527567010484,-0.8248335188314572,-0.4032869531250385,-1.3132607844988538,1.651808209175125,0.48006324992729077,0.4079255844909646,0.09876164180332044,0.8990858461817987,-0.659900297079901,1.1527006914123175,1.3795691217780555,1.6659996462015527,0.1872470259205908,0.6915451542268153,-0.19740298995497468,1.506807076049029,-1.004834986850088,1.587122341773228,0.7835292297530883,0.42244196452626864,-0.09670162615919013,0.22450724186185622,-0.3376162859435107,0.07520248870093695,0.5365665308211114,1.3221102969705862,0.2956325850707347,-0.2530273701637148,0.5126150187283253,-1.099722967375029,-0.7460030651452283,0.3238960864772321,0.25744790576170673,-0.505510960489979,-0.29195587490965325,2.0824831173496934,-0.26869813779293666,0.5849076129746307
14,-0.13107047540507152,-0.11316566905245312,-0.8650666522086039,0.32478319278878437,0.20856543601874883,-0.3394883027622535,0.08119392450414716,-1.4444975619803968,-0.8816809748564371,2.5237509155192535,-0.6698680845145033,0.2575675681599633,0.7609450620670513,0.6371906091577958,0.0,-0.7294719810928686,-1.4344031666685753,0.6032253296795562,1.1766679984397033,1.7616053471629225,-2.1348866629689867,1.4874149848498224,2.05029656983242,0.19601810978096726,1.0573021726599316,-1.4461267390332184,0.1299430983800254,-0.6919884755486126,-0.9536263640494882,0.9673000799815251,-0.029240900862746316,0.04572143479020772,-0.6814240010815034,-0.16050334310491324,1.8992172609195939,-1.36227448589286,-0.22665225908594805,-0.9508226870875336,-0.7909484405020859,0.5907723133108171,0.07255074601280635,1.3964351585030148,0.8856695353961813,-3.1611040603007226,0.42238897544705095,-0.5714670328817403,0.7190242853480293,0.3244621919074721,0.6089610271616169,1.1151888851024294,0.40498010990692174,-0.6057901690339551,-0.7931342153450467,-0.9281112271490076,1.3360958321470617,0.8488444798209124,-1.1149244185246774,-0.6384968716279901,0.6280427925610884,0.8449311824119007,-1.1142977451219054,0.9784533491758736,0.9494020613310847,-0.4939130144058091,-0.6848445823091716,0.04616888149317513,0.8457004135284266,-2.482938212284149,-0.6414620312582264,0.40004576062701847,0.3268983141994243,-0.23072980899833445,0.17966246074439185,0.6251240475140853,-0.4531109808154132,0.8067361969540371,-0.9641787487159583,-0.036279902449317,-0.09907137744956317,0.07385405829607439,1.3911127903771847,-0.2391667667931681,1.1106648024110986,-0.18751856109336415,-0.45420310489810245,0.3184580613344191,-1.6414102396215544,-1.5413821725417642,-0.4913343401609066,1.0014653660821833,-0.818680812557183,0.3144733314472974,0.05503384142856533,1.3137119880870733,-1.375899104494409,-0.18568875000439647,-0.5733204756743989,-1.8735290380180667,1.1347215695147297,1.2197987817380298,1.4941852762111787,-1.4032439079804764,1.508328664811763,-0.9111502114172193,-1.6091536274203322,0.41035415537830994,1.0703582580716726,1.131408787949746,1.4575625719075156,0.9617005828159394,0.030007374551348547,-0.8479366962482983,-0.05409391416279375,2.7169977101754395,-0.2902904544997677,0.5079309904614129,-0.8704623163197455,0.6300274026547971,-0.14215699910411397
15,-2.0566249609880947,-0.3469807754660442,0.6154873566672971,0.2800405683279189,-0.1603406895355954,-0.07451323490466097,0.2514168750929331,-0.33651907898093225,-0.09502699330089535,0.9743838422280361,0.8451596865122067,-0.49895278132181786,1.1802035793740797,0.7134838035651737,-0.7294719810928686,0.0,-1.3447886475330633,0.4059723235812438,1.2126087095451519,0.08220726307942705,0.5892229212924148,0.1999199968775383,0.9390491801462918,-0.21471124447246226,-0.5932651087182073,-0.29300070753137525,-1.1083369525472933,-0.4237913182991605,-0.5052358627467501,1.2790578765469858,-0.29084337280644423,-1.0940954504994687,-0.6365118976510433,-2.0139423677619837,0.369939967179999,0.21705875902079905,-0.42629490307892337,0.12441604968475005,-1.8787041947110639,0.3005970694812613,-2.1213172053674696,-0.5655015832389046,0.6695076856420346,-0.9630649984683786,-0.20941329374282983,-1.8733816632532159,0.8306228604525961,0.8331791231711074,-0.028232713364055903,-1.3378768015716906,-0.8926574173941475,0.7604532492758227,-2.212903109529366,-0.9268731619639184,-0.3091988679667975,-0.17697268911911074,-0.37457144658194136,-1.447237955871016,-1.357000683646907,1.0033547166926986,-0.8226619298552618,-0.9211928142955385,1.3367748950710905,0.027828691058481073,0.7376979056353397,0.04600287667782367,-0.40790786661714357,0.1318424930953828,0.6197145782776455,0.810122900558118,0.6583916032686994,-1.7298454692556782,-1.0201922256911755,-0.08941375193729727,1.066501221909492,0.1115824337496621,0.24104152327628298,0.6342026096730424,-0.06438429715285783,0.52990391856649,-0.8725800024922489,-0.23409714944280816,-1.8745192465165117,0.28406585109008475,0.3044392428970507,-0.6749608379114734,2.270827414356121,0.6387524215776549,1.253073437910403,0.7661543819106155,-0.6152559482048843,0.09252044087658601,-0.8059417633331019,-0.508878987374079,-0.5232998316281487,1.9966471261363234,1.2557667825270975,1.517659362853772,-0.5562997028064456,0.2465939344318023,0.28461702896486785,-0.15415552802607785,-1.00841715284966,0.2674514158304628,-1.2094448183830793,-0.5211902313792375,-0.3346236567401478,1.2830500970578163,-0.6645607340442115,-1.0218036131969452,-0.27595972428589677,-1.3497355404245888,0.17814536822595775,-2.3898219689984366,2.8925383162855973,0.8761929644068834,0.8918218352288533,-0.013699445682945116,0.18500425933995962
16,1.3572283205604618,0.9200001905501095,-1.1874243837024492,0.5672485224920616,-0.10833108198122172,-0.4035615268125461,-0.1587297599691861,0.5838272149996596,-1.159890098120033,-0.25311319080531625,1.142567304769144,-1.1749873035401264,-1.4768620230195295,-1.2433806249969421,-1.4344031666685753,-1.3447886475330633,0.0,0.482622873037175,0.8429260438035516,-0.1483234093454598,0.3648533187102314,-0.2423284293006235,0.17484063779166553,1.7101879959785469,0.7220074451484433,-0.7219179383488684,0.07316619444513155,-0.28743740614929003,-0.33848796173220846,-0.3467281610360497,0.657669609466695,-0.24219771141148325,-1.0171593852325593,0.6056507528796498,0.2438065129102893,0.40718767846400705,0.4730568906136376,0.21684187604973817,-1.1097288539786856,0.42421874097958756,1.3355257127682565,1.1863689130979655,-1.047759974605431,-1.3540547978062536,0.33857788165903796,0.6196147223646384,-1.3267423697591052,-0.058051073830709676,-0.6607507752518968,-0.34141916325698934,0.6655817652623854,1.1731246938327975,-0.05208735549550883,-0.8852195044182957,0.36218856210189254,-0.19405138590685597,1.502389419109192,-0.800637151679406,-0.34892575014543986,1.5553389818610517,0.8318098306157315,-0.2514251531262734,0.4455753530396148,-1.5918062889822246,-1.248043010189941,-0.2856401538246176,0.3129919526770582,-0.31726568638047115,-1.112712538357444,1.7697163091707542,0.7266308242817031,0.9355229316020024,-0.6389509597003504,-0.1820383382237952,-0.20498563824572824,0.2968795248226435,-0.3217386003578719,1.9333634751165458,-0.5145400643010463,-0.14723826283305044,-1.0685105846096759,0.20684691588064827,-0.3370737078714103,-0.8184057241778311,-0.46928616696989744,-0.3425828768008819,-0.24504967487270876,0.8777039479690834,2.205608291857774,0.70205251288419,0.09678671952365733,1.7009542219248301,-0.5843102486074054,-0.1056675071800123,-0.34383170516226375,0.235357189616359,-1.3062096267649255,1.730554741739682,-1.8510336528167992,-0.25751501369738494,-0.7846135099837364,0.7711572392394085,0.6840910179016355,-0.18597649132588503,0.27769040040687654,-0.2267294395270107,0.0456569504837864,-0.9206017718596656,-0.28768858953376386,-0.11478430486220816,-0.8470944911329887,0.8268861146943857,1.9631336364362526,-0.9651153481220837,-0.7511576046919164,0.9499921547967792,-0.5457001210569599,0.4986351486958147,1.238856411780908
