,0,1,2,3,4,5,6,7,8,9,10,11,12,13,14,15,16,17,18,19,20,21,22,23,24,25,26,27,28,29,30,31,32,33,34,35,36,37,38,39
0,0.0,-0.09301546184408278,-0.3610270860291366,0.47324865936330557,0.2770921965962342,0.7178048055112635,-0.046101458464945934,1.218476410043219,0.06774973307735836,-1.3388656453028833,0.5559251395003999,0.2286218817928331,-1.2948104338579691,-0.029765441751872426,0.6587056778184092,-0.6179606373884557,-1.4527194175685403,0.895816930087865,1.1060906850471275,-2.8383183706929938,-1.099930673840504,-1.2694010902871629,1.4465125914576065,-2.276841050867322,-0.9213234561172694,-0.38083453285090313,-1.8110650809431244,-0.39241419385978993,1.2706234507954173,-0.6722395843838356,-0.16423122683048375,-1.6862566026690806,-0.958126007142413,0.3321935851972131,-1.5231181703520789,0.2616753069948429,-0.2817618968223271,0.982044948311337,0.7568945974581371,0.3482107726023808
1,-0.09301546184408278,0.0,-0.4733251323889761,-0.8099999856735492,-0.39652371111609247,-0.880082201927019,0.7838396248264445,-0.2680983102138947,0.5017122678913067,0.3516108263655759,0.23158165376655984,1.2428809111893668,0.4982756187217732,-2.0448186565418656,1.4843300429971178,-0.5688454213919883,-0.1137251663586533,0.19958382961739404,0.2225381683538625,1.2783050926840323,-0.7165441101784049,-0.9514138053449192,0.6575466969346031,-0.8739585795445989,-0.6879868427555177,-0.2818296945401832,-1.6736538854303649,-1.1456486498175729,0.8368414690634295,-0.5149497371227276,0.3693918733763376,-0.09155228826243139,0.1913673757209454,-0.29489385557938796,0.5578713331755959,1.0314391166515746,-2.252224311003337,0.4424064553721384,1.0210327465762505,0.5682031667701541
2,-0.3610270860291366,-0.4733251323889761,0.0,-1.1665655195202336,-0.6850668339430283,0.5170994156369058,-0.8410423049239618,0.13691231645022223,-0.6751481347798202,0.11615502280376122,-0.40222372063946643,0.15593139689186872,0.21715557875600125,-0.39723799386333297,0.24362937150984876,0.138423129403561,0.3594100503602748,0.8276384783297636,0.013197832507779846,-0.9708329166046983,-0.6977613818830759,0.6088021372902891,-0.7225879709304961,-0.3154819457996101,-1.4130819192587436,0.6734346466226315,0.0655880283193341,-0.4423470110909236,1.1291266844408314,-0.9575315603136035,1.2762018204146184,-0.5700521339862799,-0.3798329919977117,-0.6147972758815048,0.18235465560055092,-0.8341817831338836,1.7460827456436867,0.5846941573655559,-1.5668310069636622,-1.2539437953237655
3,0.47324865936330557,-0.8099999856735492,-1.1665655195202336,0.0,-1.518018290125984,-0.6029932683831023,-0.19611995759346484,-0.17705588167910638,1.844708239077734,-0.5593586972279018,0.0944766708389021,-0.5743831912361957,-1.880588366116364,2.2132955124865488,0.4742727043651314,1.5202385605342519,-0.337774926499182,-0.8783393254261986,1.1942510195270537,-0.16534067590587126,-2.382498737014455,1.572150281974603,-0.04402208406999476,0.6033095734213285,-0.14355865690724676,-0.3240048145546108,-1.749026370280372,2.0585627636522243,0.6357796731606362,0.1852570166913915,1.551366696338945,1.405118170897041,-0.3192204179863737,-0.2510964839823142,-0.9140656968474465,-2.4344030971552786,-0.39968040933329646,1.7186730819099554,0.7450532460925925,1.9298381383185508
4,0.2770921965962342,-0.39652371111609247,-0.6850668339430283,-1.518018290125984,0.0,0.569050716136948,1.9838083971343532,-0.7985257714715137,-0.762551806241026,-1.5028334157131806,0.070773030275165,-1.4810023034151893,0.4378867171113744,0.5531260768019564,0.6817000387951042,1.0599141181282767,-1.3013826769001038,-1.8206588291268437,-0.20868198889222667,-0.9059681838659249,-0.3149493478614953,-0.828608137274736,-1.5347146948965302,-0.72101040101614,0.8733494045225939,-0.30233501151716446,-1.5347360781939723,-0.06288788220328591,0.06249891428429472,0.2614241527766266,-0.408135600875022,-1.5221790490786387,-1.324830930447048,-0.15511659908718134,-0.9251534072654214,-0.4278581124666414,0.652986985161361,0.9778428332703575,-0.5573080991717124,-0.5237174006130958
5,0.7178048055112635,-0.880082201927019,0.5170994156369058,-0.6029932683831023,0.569050716136948,0.0,-0.8428601902185283,-0.15131595005174306,-0.18244055405576884,-1.3087471984380372,-0.5711290747877767,0.16713271498116866,-1.8617726573435476,0.4226675488574578,0.3456908305034654,0.1494172557529982,-0.9117667808853572,-0.03639517449001747,-0.21352468723081913,-0.8802809163733127,-0.7022041797885915,0.9248722142402513,-0.849339146270712,-0.14555058143929223,-0.9711289201148372,1.2213287650300302,-0.7844375202326399,-0.10911735086824093,-0.4194976848248286,0.4190529735483817,0.8056364734616716,-1.6047010536530595,-1.1561117643958598,-2.428185386006325,-1.3134825835717288,-0.7323396190139729,-0.9195854512793414,0.9498058812590702,-1.3020963699656025,-1.4627018947669426
6,-0.046101458464945934,0.7838396248264445,-0.8410423049239618,-0.19611995759346484,1.9838083971343532,-0.8428601902185283,0.0,-1.4837954942703178,-0.012151725414420346,-0.036072986837364034,-0.23715412429928656,0.9620041096532024,0.4327019209433238,1.2010777072942425,-0.5838684790849852,2.345964789038741,0.30348983229319715,1.0554448548310493,0.466044189089815,0.8336569796171673,-0.5311737581005462,0.7031214528385531,-1.2895068623300519,-0.2554442640915617,0.023983965748896195,0.31025141669287376,0.4075158920613646,0.27394250113784424,0.1737512679052434,1.1780583296997664,0.6728006158875398,1.9627747565657445,0.2659929787434244,0.22894718183182763,-0.4464040304880144,-1.6374836277669254,-0.3751113345417031,0.016467650935684742,0.45253570653712305,-1.1050432668744292
7,1.218476410043219,-0.2680983102138947,0.13691231645022223,-0.17705588167910638,-0.7985257714715137,-0.15131595005174306,-1.4837954942703178,0.0,0.15975503824973536,-0.6688411148133727,-0.9176778628545444,-2.0085293319831723,-0.5511770274765861,-0.4172259390703119,-0.035350900956762646,0.8211477316130118,0.04247039652554668,1.1907285577181552,-0.3008864499329484,-0.19206787502976438,-0.24664953472464893,-1.0258955862357748,-1.0139810009206385,0.6480733998941529,-1.0424577852870887,-1.1835094508444655,-0.681903115680876,-0.2454277653270905,-1.244193930890871,-0.7820796945135703,-0.3273288650452491,-0.41275292345292297,-0.2099692190160641,0.7183140291324664,0.5370267931623054,1.3049458711024062,1.108674535180298,1.4210396602717632,-0.979072281904093,1.6174614781694923
8,0.06774973307735836,0.5017122678913067,-0.6751481347798202,1.844708239077734,-0.762551806241026,-0.18244055405576884,-0.012151725414420346,0.15975503824973536,0.0,-0.3859719598246238,-0.5631219410832786,-0.32269176164322566,0.11110119010259716,-0.26451608469423943,0.8144701620877123,-1.6027383596944667,0.8331301713862715,0.5338494105964887,-0.6637021524836382,0.6101569301255183,0.6914304157226787,0.15032318442867745,0.9922545195197866,-1.1943961291512177,0.5777372031371425,0.2588198049317431,-0.802679850553313,-0.38752245227809634,-1.5879793147264072,1.9034518533293978,-0.049257998534795934,-0.6948911122104807,-0.4165685271870828,-1.1278242159887204,1.1580073812527667,2.1300057095354803,-0.6903342076384634,0.022884356149939538,-0.723036710443759,-0.3116473999448555
9,-1.3388656453028833,0.3516108263655759,0.11615502280376122,-0.5593586972279018,-1.5028334157131806,-1.3087471984380372,-0.036072986837364034,-0.6688411148133727,-0.3859719598246238,0.0,-0.25395696503734155,0.4991587282324796,-0.1132672607229269,0.5191573527005325,-1.7483262727018085,0.17866459468030704,0.5116825169271084,-0.38687187564242975,-0.8846361160828988,0.11726462301337486,-0.1943240584506489,0.3775512138124151,-1.7037243733423937,-0.2604661501421059,-1.5453499126448482,1.080697737380315,0.3612168770226427,1.5452043185592834,0.7917163226373864,-0.005303208971790418,0.3898484698461963,-1.1526904111618435,1.1887359365148995,0.8026363953320937,-0.011964951625146117,-0.4121390253419696,0.9464916557315023,-0.07691675795711102,3.21797746504545,1.208200146078879
10,0.5559251395003999,0.23158165376655984,-0.40222372063946643,0.0944766708389021,0.070773030275165,-0.5711290747877767,-0.23715412429928656,-0.9176778628545444,-0.5631219410832786,-0.25395696503734155,0.0,-0.6129046453802479,-0.33103209876415557,-1.5885567844729653,0.9422186070786798,0.8277819517601743,0.31703038524764193,0.668697921703225,-0.5091037962536467,-0.709075552456411,-0.9704214328906206,-0.6490772734684449,-0.8031078354084759,0.5083649069978007,-0.7282199710503277,0.09438290649336074,1.3833521720369466,-0.5509458604438874,2.114745724846436,-0.21632608190267782,-0.1697998162165065,0.7294378718485305,-0.18562255308743913,-0.023841849191779705,-0.28601476251525254,0.01748844239859405,-0.41490792794289444,-0.47578303619682494,-0.7922239485812479,1.0251906949368617
11,0.2286218817928331,1.2428809111893668,0.15593139689186872,-0.5743831912361957,-1.4810023034151893,0.16713271498116866,0.9620041096532024,-2.0085293319831723,-0.32269176164322566,0.4991587282324796,-0.6129046453802479,0.0,-1.1946551299217312,-1.5419981901140962,-0.36992045105134475,-0.4401095193057705,-0.08031201466032273,2.233517700570693,-1.4947381670695057,0.974261627036588,-0.667152234502973,-0.2680999558249724,-0.24072827300657712,-1.4770688999841635,0.053128846016348576,-0.0026333855914131028,-0.33637005522550867,-0.48760446140863584,1.3016095321042982,-1.9596800885240897,-0.9430872358094667,-0.04332963907154357,0.4823852285077622,-1.8427834514752273,-0.2345140296817756,-0.4288718970792829,-0.5263530908250041,-1.0801316796312697,-0.5565535843734534,2.3904443254879357
12,-1.2948104338579691,0.4982756187217732,0.21715557875600125,-1.880588366116364,0.4378867171113744,-1.8617726573435476,0.4327019209433238,-0.5511770274765861,0.11110119010259716,-0.1132672607229269,-0.33103209876415557,-1.1946551299217312,0.0,-0.7400541601544179,0.24956869675171292,-0.9409066740873836,-1.4580700997648708,0.7878640106072541,0.7715325268454278,0.24646531904328223,0.30534899123723624,-1.6165351568553412,-0.819961608347267,0.20917103229719122,-0.42668914486876103,0.5815813284216048,-0.018791765102081453,0.4011622908725704,0.166906601396057,0.3823496594925358,-0.7925345168689301,-1.485974475968183,1.9971741236938814,2.9692575495403184,0.6559875094531954,0.7959492563828588,0.5757987096018788,-1.024272542462948,-0.9766136522301833,-0.6361598403639864
13,-0.029765441751872426,-2.0448186565418656,-0.39723799386333297,2.2132955124865488,0.5531260768019564,0.4226675488574578,1.2010777072942425,-0.4172259390703119,-0.26451608469423943,0.5191573527005325,-1.5885567844729653,-1.5419981901140962,-0.7400541601544179,0.0,-0.2404445651815852,-0.35766589911850755,1.0569389214582476,2.5820856579293285,-0.11565928996544779,-1.1416680171398732,0.03240003881160313,1.4577627415839962,0.6085638289560561,1.1175766289329432,0.5005017074553132,0.0001509797928477936,0.29181797307460716,0.02082589986920839,-1.4817414066992518,0.22165733940667412,-0.5706775969886373,-0.6460362299745402,-1.203117178045735,1.2188864719522559,0.49484000402339584,-0.12206135703137948,1.355081610138862,1.0463767199122078,0.16210394919874271,-1.8451255539936993
14,0.6587056778184092,1.4843300429971178,0.24362937150984876,0.4742727043651314,0.6817000387951042,0.3456908305034654,-0.5838684790849852,-0.035350900956762646,0.8144701620877123,-1.7483262727018085,0.9422186070786798,-0.36992045105134475,0.24956869675171292,-0.2404445651815852,0.0,0.32327254617074636,-0.4235255934257312,-0.044915502694363084,-0.5071822935495498,-0.7111238969666717,-0.6181096793924961,1.326085731650386,0.5318376312591983,1.1756762807762615,-0.1707787277665136,-1.2013281984605522,-0.2962458134456878,-0.09122824558967252,1.3726672849127857,-1.0265222267135874,-1.3965545966458348,-2.3109560917808967,-1.2145564042374701,0.4245712134842875,0.5096355379556503,-0.7594340653957664,1.4209630361710937,0.029420276285200744,0.08385170525931938,1.4877119022152725
15,-0.6179606373884557,-0.5688454213919883,0.138423129403561,1.5202385605342519,1.0599141181282767,0.1494172557529982,2.345964789038741,0.8211477316130118,-1.6027383596944667,0.17866459468030704,0.8277819517601743,-0.4401095193057705,-0.9409066740873836,-0.35766589911850755,0.32327254617074636,0.0,-1.5346478835396904,-0.06688686417738618,-0.7444244284442418,0.9001463601654948,0.3334835285671802,-1.024490719817907,-1.4047083130590727,-0.328351018242061,0.36887929886909976,-0.15182167272270275,-1.1537171545197522,-0.9780747842028601,0.958553306019442,1.289402294929072,1.9781105891019872,-0.3256869993139914,-0.9624766602885921,0.7405191840225963,1.7432712170828908,1.000325135498148,-0.088046996576528,0.13759393215525068,-0.516159541550986,0.529294523762423
16,-1.4527194175685403,-0.1137251663586533,0.3594100503602748,-0.337774926499182,-1.3013826769001038,-0.9117667808853572,0.30348983229319715,0.04247039652554668,0.8331301713862715,0.5116825169271084,0.31703038524764193,-0.08031201466032273,-1.4580700997648708,1.0569389214582476,-0.4235255934257312,-1.5346478835396904,0.0,2.9495928116968027,-0.9983513548335925,0.5798362157253766,-1.266208670136276,1.6144002915262738,1.0233899601085166,1.671871485832382,0.46021766369448275,-0.24228297889310982,-0.41150336073499866,0.5124928182400358,-1.143854152290581,-1.454688907870251,0.5998433789330209,-1.12859034540453,0.726626721123056,-0.571804012070477,1.8909465255873845,-0.16216263878607398,0.804313142200186,0.6398789950478743,1.7583605300132876,-0.9507780001908361
17,0.895816930087865,0.19958382961739404,0.8276384783297636,-0.8783393254261986,-1.8206588291268437,-0.03639517449001747,1.0554448548310493,1.1907285577181552,0.5338494105964887,-0.38687187564242975,0.668697921703225,2.233517700570693,0.7878640106072541,2.5820856579293285,-0.044915502694363084,-0.06688686417738618,2.9495928116968027,0.0,-1.1092261428484727,1.019315782537028,-0.16589670863234712,0.7175868010906308,2.184366872859926,-0.19279773223547386,-0.6355085568519038,-0.9890297500670686,0.8099244659739878,0.8335543654005044,-1.7039415503195277,-0.12655214264297304,1.344397346516394,0.0028828220125809343,1.9955280974950154,-1.6843377609044796,2.3202882824016267,1.4834843643659417,-0.17789110107135458,-0.6914510885170293,-0.5370829901594162,-0.7450967393364145
18,1.1060906850471275,0.2225381683538625,0.013197832507779846,1.1942510195270537,-0.20868198889222667,-0.21352468723081913,0.466044189089815,-0.3008864499329484,-0.6637021524836382,-0.8846361160828988,-0.5091037962536467,-1.4947381670695057,0.7715325268454278,-0.11565928996544779,-0.5071822935495498,-0.7444244284442418,-0.9983513548335925,-1.1092261428484727,0.0,-2.109156891750625,-0.006577208564768325,0.21400604728857825,0.13808915144377734,0.4759422026300655,-0.31484888178767323,-1.4657031884605853,-1.4980330660174181,1.1439482736544477,-1.1493893870779375,-0.3058489351126847,0.04020417702245802,-0.45537729677232336,0.0834232427233157,0.14662124227760298,0.5042318025906238,-0.4533872201955245,-0.3571868075981105,-0.3992185167291341,-2.025439903408495,-1.217016238494411
19,-2.8383183706929938,1.2783050926840323,-0.9708329166046983,-0.16534067590587126,-0.9059681838659249,-0.8802809163733127,0.8336569796171673,-0.19206787502976438,0.6101569301255183,0.11726462301337486,-0.709075552456411,0.974261627036588,0.24646531904328223,-1.1416680171398732,-0.7111238969666717,0.9001463601654948,0.5798362157253766,1.019315782537028,-2.109156891750625,0.0,-0.4016930733148999,0.4514882948904234,-0.7538586202887481,0.4030270298127735,-1.6733272613934194,0.8085431257704482,-0.09407448043284868,0.19051980666426785,-1.9572368581346369,1.0867957333930012,-2.154143451400253,0.5528938677607628,0.5055346305554071,-0.9731014416926732,-0.5119805057647991,-1.4556306124033178,0.8894390993235044,-1.1208796415277338,-0.08294457405348905,0.6357595107105173
20,-1.099930673840504,-0.7165441101784049,-0.6977613818830759,-2.382498737014455,-0.3149493478614953,-0.7022041797885915,-0.5311737581005462,-0.24664953472464893,0.6914304157226787,-0.1943240584506489,-0.9704214328906206,-0.667152234502973,0.30534899123723624,0.03240003881160313,-0.6181096793924961,0.3334835285671802,-1.266208670136276,-0.16589670863234712,-0.006577208564768325,-0.4016930733148999,0.0,-0.7394992054576096,-1.865344635845968,0.9842821909024514,0.7014687766399795,-2.280480849258332,0.6647589493475184,0.8101748146801916,0.4264405453440966,0.7798641721881651,-1.145152774711227,1.3440548630966442,1.0881941051449353,0.7414843024809962,0.5192099164706314,0.09445302514997542,0.27002654344975796,0.8658561136056796,0.10640108562523536,0.1700209836538737
21,-1.2694010902871629,-0.9514138053449192,0.6088021372902891,1.572150281974603,-0.828608137274736,0.9248722142402513,0.7031214528385531,-1.0258955862357748,0.15032318442867745,0.3775512138124151,-0.6490772734684449,-0.2680999558249724,-1.6165351568553412,1.4577627415839962,1.326085731650386,-1.024490719817907,1.6144002915262738,0.7175868010906308,0.21400604728857825,0.4514882948904234,-0.7394992054576096,0.0,-0.010342681503687253,0.8845655020880078,0.19662326413518819,-2.2526155383659354,-0.23211391705269566,0.8398081723340799,-0.214950186098468,0.6105412495020875,0.27694322732430476,-0.38147582222314025,0.12444381645205482,0.3149991139827814,1.6348134744949787,-1.052083615566516,0.22160277563671343,-0.20479029669932072,-2.120306886505645,0.6519253859147603
22,1.4465125914576065,0.6575466969346031,-0.7225879709304961,-0.04402208406999476,-1.5347146948965302,-0.849339146270712,-1.2895068623300519,-1.0139810009206385,0.9922545195197866,-1.7037243733423937,-0.8031078354084759,-0.24072827300657712,-0.819961608347267,0.6085638289560561,0.5318376312591983,-1.4047083130590727,1.0233899601085166,2.184366872859926,0.13808915144377734,-0.7538586202887481,-1.865344635845968,-0.010342681503687253,0.0,0.45679655853788254,1.293054412364108,0.9956472058538708,0.47084481478731227,0.6214657374530396,1.5179998328969653,-0.5067901034986682,-1.7168277493863517,0.816403670289145,0.022953234683103212,0.5463768388888509,0.2685778277712569,-0.9699551101446087,0.6939514139479422,0.5392417319635423,0.1598397078797547,-0.5345278247501026
23,-2.276841050867322,-0.8739585795445989,-0.3154819457996101,0.6033095734213285,-0.72101040101614,-0.14555058143929223,-0.2554442640915617,0.6480733998941529,-1.1943961291512177,-0.2604661501421059,0.5083649069978007,-1.4770688999841635,0.20917103229719122,1.1175766289329432,1.1756762807762615,-0.328351018242061,1.671871485832382,-0.19279773223547386,0.4759422026300655,0.4030270298127735,0.9842821909024514,0.8845655020880078,0.45679655853788254,0.0,0.3881610199636378,-2.3040729205266772,-0.4879232694315605,-1.6740406956277223,0.24098437559703942,1.5158471180418518,0.27304548433743236,0.7729466995597185,-0.7743574480544422,1.7058218557843128,1.6020940596644992,2.100054139693038,-0.8216705099695701,-0.18432500167142402,-0.09712290324084986,0.6479233779968747
24,-0.9213234561172694,-0.6879868427555177,-1.4130819192587436,-0.14355865690724676,0.8733494045225939,-0.9711289201148372,0.023983965748896195,-1.0424577852870887,0.5777372031371425,-1.5453499126448482,-0.7282199710503277,0.053128846016348576,-0.42668914486876103,0.5005017074553132,-0.1707787277665136,0.36887929886909976,0.46021766369448275,-0.6355085568519038,-0.31484888178767323,-1.6733272613934194,0.7014687766399795,0.19662326413518819,1.293054412364108,0.3881610199636378,0.0,0.8080098868060281,0.15202857013015905,0.6815659861881593,0.6508936544277677,-0.874530488583516,-0.34607698964607847,-1.6040911043570367,-0.3458013455530982,-0.6952624173218854,0.8779804983801283,0.09525878863740096,0.21668172696373209,0.12050933913163393,2.4423699348262446,2.0283282434020893
25,-0.38083453285090313,-0.2818296945401832,0.6734346466226315,-0.3240048145546108,-0.30233501151716446,1.2213287650300302,0.31025141669287376,-1.1835094508444655,0.2588198049317431,1.080697737380315,0.09438290649336074,-0.0026333855914131028,0.5815813284216048,0.0001509797928477936,-1.2013281984605522,-0.15182167272270275,-0.24228297889310982,-0.9890297500670686,-1.4657031884605853,0.8085431257704482,-2.280480849258332,-2.2526155383659354,0.9956472058538708,-2.3040729205266772,0.8080098868060281,0.0,-0.3626523635824819,1.561809554698004,0.014969936418939256,-0.15336898238561425,0.2702928283525263,1.424827835975438,0.7146756053161915,0.566372107298976,-1.8634854024333274,0.10932444542423579,0.5118675164118301,-1.374376661929602,1.6890304191362986,-1.1891951547361053
26,-1.8110650809431244,-1.6736538854303649,0.0655880283193341,-1.749026370280372,-1.5347360781939723,-0.7844375202326399,0.4075158920613646,-0.681903115680876,-0.802679850553313,0.3612168770226427,1.3833521720369466,-0.33637005522550867,-0.018791765102081453,0.29181797307460716,-0.2962458134456878,-1.1537171545197522,-0.41150336073499866,0.8099244659739878,-1.4980330660174181,-0.09407448043284868,0.6647589493475184,-0.23211391705269566,0.47084481478731227,-0.4879232694315605,0.15202857013015905,-0.3626523635824819,0.0,-0.6275313234215383,0.03895519686145733,-0.2469210740065627,0.37216912043215217,-0.8238449413923197,-1.4232875329589103,0.6916956902236365,-0.12941027802211308,-0.4542807351864266,1.4166131612546728,2.051879229617386,-0.2086305055635206,-1.465748348967693
27,-0.39241419385978993,-1.1456486498175729,-0.4423470110909236,2.0585627636522243,-0.06288788220328591,-0.10911735086824093,0.27394250113784424,-0.2454277653270905,-0.38752245227809634,1.5452043185592834,-0.5509458604438874,-0.48760446140863584,0.4011622908725704,0.02082589986920839,-0.09122824558967252,-0.9780747842028601,0.5124928182400358,0.8335543654005044,1.1439482736544477,0.19051980666426785,0.8101748146801916,0.8398081723340799,0.6214657374530396,-1.6740406956277223,0.6815659861881593,1.561809554698004,-0.6275313234215383,0.0,-0.42562071863639594,1.6437469516576386,-1.6898405202639075,1.8928571071963032,0.4238524480315232,0.24950863633189166,0.8556112430631476,-0.13446564780286205,0.027446961858980913,0.4508845767783268,-1.076748044222745,0.5336048063009486
28,1.2706234507954173,0.8368414690634295,1.1291266844408314,0.6357796731606362,0.06249891428429472,-0.4194976848248286,0.1737512679052434,-1.244193930890871,-1.5879793147264072,0.7917163226373864,2.114745724846436,1.3016095321042982,0.166906601396057,-1.4817414066992518,1.3726672849127857,0.958553306019442,-1.143854152290581,-1.7039415503195277,-1.1493893870779375,-1.9572368581346369,0.4264405453440966,-0.214950186098468,1.5179998328969653,0.24098437559703942,0.6508936544277677,0.014969936418939256,0.03895519686145733,-0.42562071863639594,0.0,-0.6419052077460743,-1.4112676847205459,-0.32336955569980935,-0.0778196481859403,-0.4291905293094689,-0.9551240199318219,0.2177809429838456,-0.41342325189198115,1.3151057606008516,0.13393900849205442,0.4082668775314651
29,-0.6722395843838356,-0.5149497371227276,-0.9575315603136035,0.1852570166913915,0.2614241527766266,0.4190529735483817,1.1780583296997664,-0.7820796945135703,1.9034518533293978,-0.005303208971790418,-0.21632608190267782,-1.9596800885240897,0.3823496594925358,0.22165733940667412,-1.0265222267135874,1.289402294929072,-1.454688907870251,-0.12655214264297304,-0.3058489351126847,1.0867957333930012,0.7798641721881651,0.6105412495020875,-0.5067901034986682,1.5158471180418518,-0.874530488583516,-0.15336898238561425,-0.2469210740065627,1.6437469516576386,-0.6419052077460743,0.0,-0.04547816275214716,0.9587599910884913,0.43359224903453286,-0.34194078266921385,0.46486783215504246,1.5658195482320716,1.263014978983132,-0.10630085311774608,-0.008925449193643407,-1.7139697491546173
30,-0.16423122683048375,0.3693918733763376,1.2762018204146184,1.551366696338945,-0.408135600875022,0.8056364734616716,0.6728006158875398,-0.3273288650452491,-0.049257998534795934,0.3898484698461963,-0.1697998162165065,-0.9430872358094667,-0.7925345168689301,-0.5706775969886373,-1.3965545966458348,1.9781105891019872,0.5998433789330209,1.344397346516394,0.04020417702245802,-2.154143451400253,-1.145152774711227,0.27694322732430476,-1.7168277493863517,0.27304548433743236,-0.34607698964607847,0.2702928283525263,0.37216912043215217,-1.6898405202639075,-1.4112676847205459,-0.04547816275214716,0.0,-0.78442796664689,0.7114559348117216,-1.5988087960019342,0.2840439396783734,-0.3104698213591913,-0.3697204212107804,0.42677905662941434,-0.8587053877370594,1.6672206118279673
31,-1.6862566026690806,-0.09155228826243139,-0.5700521339862799,1.405118170897041,-1.5221790490786387,-1.6047010536530595,1.9627747565657445,-0.41275292345292297,-0.6948911122104807,-1.1526904111618435,0.7294378718485305,-0.04332963907154357,-1.485974475968183,-0.6460362299745402,-2.3109560917808967,-0.3256869993139914,-1.12859034540453,0.0028828220125809343,-0.45537729677232336,0.5528938677607628,1.3440548630966442,-0.38147582222314025,0.816403670289145,0.7729466995597185,-1.6040911043570367,1.424827835975438,-0.8238449413923197,1.8928571071963032,-0.32336955569980935,0.9587599910884913,-0.78442796664689,0.0,-1.5447545483026623,0.4220312396185391,0.777951703029209,-1.0762092883294763,-1.1130501420220964,-0.656748401405649,0.6163756668083032,-0.26365107619366357
32,-0.958126007142413,0.1913673757209454,-0.3798329919977117,-0.3192204179863737,-1.324830930447048,-1.1561117643958598,0.2659929787434244,-0.2099692190160641,-0.4165685271870828,1.1887359365148995,-0.18562255308743913,0.4823852285077622,1.9971741236938814,-1.203117178045735,-1.2145564042374701,-0.9624766602885921,0.726626721123056,1.9955280974950154,0.0834232427233157,0.5055346305554071,1.0881941051449353,0.12444381645205482,0.022953234683103212,-0.7743574480544422,-0.3458013455530982,0.7146756053161915,-1.4232875329589103,0.4238524480315232,-0.0778196481859403,0.43359224903453286,0.7114559348117216,-1.5447545483026623,0.0,0.06499188564697188,-0.5193575922066029,-0.9151672794796214,1.4233617112386656,-0.417610593724582,-0.8696592444428817,0.531951785430965
33,0.3321935851972131,-0.29489385557938796,-0.6147972758815048,-0.2510964839823142,-0.15511659908718134,-2.428185386006325,0.22894718183182763,0.7183140291324664,-1.1278242159887204,0.8026363953320937,-0.023841849191779705,-1.8427834514752273,2.9692575495403184,1.2188864719522559,0.4245712134842875,0.7405191840225963,-0.571804012070477,-1.6843377609044796,0.14662124227760298,-0.9731014416926732,0.7414843024809962,0.3149991139827814,0.5463768388888509,1.7058218557843128,-0.6952624173218854,0.566372107298976,0.6916956902236365,0.24950863633189166,-0.4291905293094689,-0.34194078266921385,-1.5988087960019342,0.4220312396185391,0.06499188564697188,0.0,-0.8734158067806752,-0.6789321868096398,0.941842439823406,0.9207662039798973,1.154168203888025,0.38546938195723496
34,-1.5231181703520789,0.5578713331755959,0.18235465560055092,-0.9140656968474465,-0.9251534072654214,-1.3134825835717288,-0.4464040304880144,0.5370267931623054,1.1580073812527667,-0.011964951625146117,-0.28601476251525254,-0.2345140296817756,0.6559875094531954,0.49484000402339584,0.5096355379556503,1.7432712170828908,1.8909465255873845,2.3202882824016267,0.5042318025906238,-0.5119805057647991,0.5192099164706314,1.6348134744949787,0.2685778277712569,1.6020940596644992,0.8779804983801283,-1.8634854024333274,-0.12941027802211308,0.8556112430631476,-0.9551240199318219,0.46486783215504246,0.2840439396783734,0.777951703029209,-0.5193575922066029,-0.8734158067806752,0.0,0.22744280669602238,-0.6565063811561672,0.054927260345800887,1.5118459632054675,0.22276930191018557
35,0.2616753069948429,1.0314391166515746,-0.8341817831338836,-2.4344030971552786,-0.4278581124666414,-0.7323396190139729,-1.6374836277669254,1.3049458711024062,2.1300057095354803,-0.4121390253419696,0.01748844239859405,-0.4288718970792829,0.7959492563828588,-0.12206135703137948,-0.7594340653957664,1.000325135498148,-0.16216263878607398,1.4834843643659417,-0.4533872201955245,-1.4556306124033178,0.09445302514997542,-1.052083615566516,-0.9699551101446087,2.100054139693038,0.09525878863740096,0.10932444542423579,-0.4542807351864266,-0.13446564780286205,0.2177809429838456,1.5658195482320716,-0.3104698213591913,-1.0762092883294763,-0.9151672794796214,-0.6789321868096398,0.22744280669602238,0.0,0.5259291743100164,1.2201796508363165,1.1653725590166266,0.7266038287350574
36,-0.2817618968223271,-2.252224311003337,1.7460827456436867,-0.39968040933329646,0.652986985161361,-0.9195854512793414,-0.3751113345417031,1.108674535180298,-0.6903342076384634,0.9464916557315023,-0.41490792794289444,-0.5263530908250041,0.5757987096018788,1.355081610138862,1.4209630361710937,-0.088046996576528,0.804313142200186,-0.17789110107135458,-0.3571868075981105,0.8894390993235044,0.27002654344975796,0.22160277563671343,0.6939514139479422,-0.8216705099695701,0.21668172696373209,0.5118675164118301,1.4166131612546728,0.027446961858980913,-0.41342325189198115,1.263014978983132,-0.3697204212107804,-1.1130501420220964,1.4233617112386656,0.941842439823406,-0.6565063811561672,0.5259291743100164,0.0,-0.13247202509592304,-0.26012408736371745,0.40284025223131287
37,0.982044948311337,0.4424064553721384,0.5846941573655559,1.7186730819099554,0.9778428332703575,0.9498058812590702,0.016467650935684742,1.4210396602717632,0.022884356149939538,-0.07691675795711102,-0.47578303619682494,-1.0801316796312697,-1.024272542462948,1.0463767199122078,0.029420276285200744,0.13759393215525068,0.6398789950478743,-0.6914510885170293,-0.3992185167291341,-1.1208796415277338,0.8658561136056796,-0.20479029669932072,0.5392417319635423,-0.18432500167142402,0.12050933913163393,-1.374376661929602,2.051879229617386,0.4508845767783268,1.3151057606008516,-0.10630085311774608,0.42677905662941434,-0.656748401405649,-0.417610593724582,0.9207662039798973,0.054927260345800887,1.2201796508363165,-0.13247202509592304,0.0,0.9675409658744903,0.4555235939627111
38,0.7568945974581371,1.0210327465762505,-1.5668310069636622,0.7450532460925925,-0.5573080991717124,-1.3020963699656025,0.45253570653712305,-0.979072281904093,-0.723036710443759,3.21797746504545,-0.7922239485812479,-0.5565535843734534,-0.9766136522301833,0.16210394919874271,0.08385170525931938,-0.516159541550986,1.7583605300132876,-0.5370829901594162,-2.025439903408495,-0.08294457405348905,0.10640108562523536,-2.120306886505645,0.1598397078797547,-0.09712290324084986,2.4423699348262446,1.6890304191362986,-0.2086305055635206,-1.076748044222745,0.13393900849205442,-0.008925449193643407,-0.8587053877370594,0.6163756668083032,-0.8696592444428817,1.154168203888025,1.5118459632054675,1.1653725590166266,-0.26012408736371745,0.9675409658744903,0.0,1.1691674421889517
39,0.3482107726023808,0.5682031667701541,-1.2539437953237655,1.9298381383185508,-0.5237174006130958,-1.4627018947669426,-1.1050432668744292,1.6174614781694923,-0.3116473999448555,1.208200146078879,1.0251906949368617,2.3904443254879357,-0.6361598403639864,-1.8451255539936993,1.4877119022152725,0.529294523762423,-0.9507780001908361,-0.7450967393364145,-1.217016238494411,0.6357595107105173,0.1700209836538737,0.6519253859147603,-0.5345278247501026,0.6479233779968747,2.0283282434020893,-1.1891951547361053,-1.465748348967693,0.5336048063009486,0.4082668775314651,-1.7139697491546173,1.6672206118279673,-0.26365107619366357,0.531951785430965,0.38546938195723496,0.22276930191018557,0.7266038287350574,0.40284025223131287,0.4555235939627111,1.1691674421889517,0.0
