,0,1,2,3,4,5,6,7,8,9,10,11,12,13,14,15,16,17,18,19,20,21,22,23,24,25,26,27,28,29,30,31,32,33,34,35,36,37,38,39,40,41,42,43,44,45,46,47,48,49,50,51,52,53,54,55,56,57,58,59,60,61,62,63,64,65,66,67,68,69,70,71,72,73,74,75,76,77,78,79,80,81,82,83,84,85,86,87,88,89,90,91,92,93,94,95,96,97,98,99,100,101,102,103,104,105,106,107,108,109,110,111,112,113,114,115,116,117,118
0,0.0,0.25006173235380824,-0.5983367386062042,0.07867391863713823,1.0371591179394017,-0.3335062722388578,0.9050113877901095,0.3215943023192358,1.0676735994814213,0.790057096940011,-0.7950177598867242,0.05283079324843631,-1.047427267384562,0.9958674092181442,1.1168475472887016,1.030397246848155,1.7755807991947077,1.0976904619366814,0.39007111612133255,-0.20685763874259278,-0.5934523724424399,-0.5994187396998971,0.17511140953347065,-0.48239618483330643,-0.36044908428262945,-1.0848295198987712,0.3002264267493577,0.1476855263690419,1.1600720932199202,-0.7268431857551775,1.24439286766696,0.13558862219405934,0.12429061322534572,-0.22693725231435521,-1.1790523747038097,-1.639126028754912,-0.24286780621997434,1.8151364702169142,-1.1815637846709024,-1.161579711665,0.14528857670934214,-1.1678593796210457,1.3185085858217653,0.5622058061272177,-1.0831858572593602,0.47017904958201573,-0.3644182102885186,0.41063549946726513,-0.5390534396022041,0.09129100327779274,-0.7035754116418583,-1.4926625220993974,0.38546878552776825,-0.11874691031904676,0.07035075168208572,-1.0091635337815148,-0.992206908738267,-1.0668073127596849,0.9502729583476666,-1.3235598790350058,0.9206125050831772,0.7686551766517215,-0.6653295898326531,-0.3396290984700465,0.4501257811367549,-1.5263239183250994,2.0978341852564446,-1.4780074578029725,1.431384693013412,-2.367316256035264,-0.14663762743255299,0.38078474665070156,-1.4297925744007705,-0.8740280471432765,0.52802152782775,1.7443017141223527,1.1885522210829222,-0.13541058048997734,-0.011979993843157484,-1.423259200564212,0.039543305244269876,-0.8341600911728123,-0.3304591637464024,0.1695867903637936,-1.4266459186360378,-0.9248320558010302,-0.02290079261374992,0.71977078409636,-1.0122901507821864,1.4887217675081215,0.731293251932802,0.7820880188036755,0.8434151880653985,0.8045509513836467,1.265943289095199,-0.4185914224794213,0.384197468245696,2.309035335648151,0.5504883586889613,-0.2202114242916634,0.1257823433022719,-0.7206353066764362,-1.2853591401311284,-1.1642924725243877,2.6428552359057638,1.8359787634742157,-0.22635200356947216,1.9482436190558945,-1.0566902256257074,-0.796080589127344,-0.42255609953883844,0.07154664138406104,-1.0621018425567001,-0.06308103738671991,-2.0210588857582263,-0.999442417744411,0.6595158771166393,0.8090292784974155,-0.5302873648594011
1,0.25006173235380824,0.0,-2.108209488682832,1.1107321979437323,1.3629877531190575,-0.9254141575012773,0.20635783316652753,0.41586364333877296,-0.5699128679656921,-0.5706641754182529,0.9136619416758925,0.2658531943246188,-2.2987664108087857,-0.590365886947024,1.5047561536286438,-1.2202649425607655,-0.6976986096788034,-0.4553730078150404,-0.5579161574703853,-0.06205297395644914,0.4454781746948802,0.09348543305358353,-0.8821553000581073,0.790346857487906,1.4099444963447756,0.19215733006825292,0.6786718094228109,-0.4798218240525695,0.9667426482148084,-0.9539402378205677,-0.5631446039512319,0.913528932465621,1.1993657940924216,-0.023911507918039338,0.16100663493740094,-1.976160421307947,-0.44829820573647444,-1.178136498146514,-1.532265123105855,-0.8998869534219095,-0.4849855512273445,-0.9608769824609271,-0.6392450745253024,0.023799142601694318,0.6017346419771212,-0.47913840239109234,-1.277549799247779,0.9648662797627647,-1.4737569721763235,-0.7542570034243843,0.37977900130248476,0.06416836992707255,-0.32734992588878103,-1.1114831061788586,2.3268753082109064,-1.4987333045914024,0.8517426286488368,-0.5334016761679569,-0.6972180764259861,-0.7879184959481282,0.5180918423242856,-1.6717484677643524,-1.5230613230055539,-2.0112362839957325,0.6847537843720422,0.5344051160342533,-1.8844037195006462,1.0952522809463876,-0.5996235925494875,0.967585063693809,0.8268039670973486,-0.34827543576861875,-0.9277767631075045,-0.19592255544936882,-0.887206995237204,-1.6472048772372436,0.3160549622410043,-0.824997005730321,1.0578314901872174,-0.28648347920530054,-0.7327212025244542,0.05825643072847116,0.553467285117619,0.08930441083105391,0.47033602330352314,0.25267533392344,0.8829121586479182,-1.6003621575158151,0.6633727395567662,-0.7213234261752561,1.4882634128598031,1.5708747692836735,-2.052794054893812,-0.06998800514808709,-1.607119127928042,-0.8510054077688087,-0.6550175496622775,-0.4957358307684135,0.8545997060385028,-0.9624408695351063,-0.3724046803656707,-1.0926637784498754,0.8578689652120518,0.5685565165564866,2.2175283160268235,-0.8417555279025355,0.26672345963213556,0.686753096298998,-0.42920579994609315,-0.8221010625945058,0.7540545041300166,0.7078530125732327,0.500344118684091,0.1936078625589829,-0.6025857976580681,0.9785667399175985,-0.020106465095289974,-0.25721195441456557,-0.490983166890477
2,-0.5983367386062042,-2.108209488682832,0.0,0.8823796342220918,-0.11902260465370268,0.030811334155266455,1.6978702179585796,-0.1013098976421982,-0.6589824971049499,-0.6831592556934492,0.02694787578559999,-0.8840722276319447,1.885926373477605,-0.7145099529138813,-0.9474128810051496,-0.025402229165630102,0.5174488638883936,-1.3632449641207278,0.34071698339606515,1.1258329641404994,0.6958064286574172,0.6618333175593583,1.3902487175011053,0.3134417203952594,-0.7335251479213193,0.5041902046310393,0.46613003534309627,0.0869451352579358,-1.3400964781516882,0.07777530842579702,0.2542520859847491,-0.8364700797258313,-0.8551429178772169,0.46881987442181144,0.7957149875352167,-1.4441597758549256,-0.3110500904434642,1.4895476541325083,0.10682438003098568,0.11534657079285045,-1.032537609551046,-1.0712155356304511,0.8574551195237279,-0.052618292837484246,-1.5840130438985676,0.6136911288036273,-0.5972823961058298,-0.13187986320620507,-0.8274965589593324,1.1453562081009168,1.3738825200454445,0.26388335155735176,0.16946449126032712,-1.1828218162659299,0.19164800767480292,-0.15256347308929477,0.4086105005848907,-1.3650525471298944,-1.5321121536039326,-0.014328836502253835,-0.005001479488878036,-1.1808166801186695,-1.1836179995781828,0.6856877155484241,0.053316499984671806,-1.5550215171830262,-0.5094956846211922,1.1872095469948827,0.7451072979536156,-1.4314379734444465,-1.616900622092698,0.5696266398121705,-1.0258866176365584,-0.5167694281751711,-0.7747721949410841,-0.856050358625359,-0.9818939753253703,0.130041745789748,-1.5848264584161342,0.40967578529395765,0.4715959046727559,-0.34737844075257274,1.9551640006898954,-1.1811789359983296,-1.9058116368130944,-0.9729313884307904,-0.1251525271371365,-0.005721997281441191,1.708755841592137,1.4962843641002177,0.35595622320710657,0.33184361367943854,-0.2385230359523316,0.06177748138750809,-0.23210659577275788,-1.7728287661470994,0.345466981990803,1.858101847379858,1.5179853388280524,-1.5284915270909285,-1.18884128782391,1.3432925429078362,-0.6771262462067072,0.21056973648611857,0.6573256212487636,1.0261661703113027,-1.145647624058454,-0.003053474886879218,0.2972149256921851,0.855024507622812,1.024708159188813,0.15721054905547355,1.0252841735143485,-0.5552912118605754,0.1230912235861697,0.9981617639548493,-0.4566749838668651,-0.662426258035445,0.8488270241110982
3,0.07867391863713823,1.1107321979437323,0.8823796342220918,0.0,1.438334546224219,0.5535605570942012,-0.8169366525815236,2.242078246318649,-1.0769736912656804,-0.9795806380263656,-0.8717107553689248,1.0323252977072799,0.40599253073454966,0.2681617623194637,-0.22964515274859026,0.6461847797566427,-0.818342200486238,-0.3919083979697156,2.3651884315710325,-0.4207803449834254,-0.002432503684972341,-1.5820113926484114,-0.32814713249302363,-0.10288146434980573,1.7375670117458313,-1.4451992665620124,0.6361330575371869,-0.30018564061771713,0.8887006451930677,-1.126699939816696,0.49612235262496057,0.34354006212571264,1.2015205621237368,0.2684588149951485,-0.2414865897021025,-1.3760626673190592,0.24890907535264328,1.291883407882069,0.4524713233750549,-0.7388128218703445,0.1243820627292268,1.4138212870364484,0.5022402700621397,-1.0371642286332574,-1.3461885119896402,-0.2316048780885863,0.662252610767108,1.67615003164495,-0.29199319285858366,0.5819316632853998,0.36032634935504765,-0.5041981357722288,-1.4348338650107086,-0.3722754712022058,1.1363623032302295,-0.9628377903523563,-0.14470675563488006,-0.6523318145393215,-0.8912933182222397,0.4002392122111206,0.4509119894636096,0.5820144726763601,-0.15430955226229634,-0.7215110465130136,-1.3304624725244447,-0.6413404995173526,-2.240995656892451,1.577817871920233,0.7331214716446421,-1.5988166312132248,-0.20287776880777939,0.6145819751377019,1.7498562524988077,0.3157802875174342,-1.7153767636361443,-1.406981055846534,0.06364865281461851,-0.5196380595689364,-2.369170261432948,1.0271779634283984,-0.7186487587031818,-0.661999325534595,-3.083124179151195,0.11616877056585148,1.3357201075952179,0.29029863056111654,-1.725645268383879,0.5626362349397261,-0.3105413284261764,0.5661558942320319,1.4891499582071452,-1.0541592726320557,0.24653905429739847,2.0988989368587467,-0.06056173668561955,2.7602435842000173,-0.0908245138967694,-0.1876283124997199,0.48297718964903336,-0.8390981944779277,-0.7204324503715163,-0.09976172931084919,-0.5851676998215776,0.8886796258847592,0.025490917055890516,0.09817226330947229,-0.9711266630020537,-2.251340758592578,-1.2154223048569806,0.8533744396126077,-0.9860514754760638,1.1685270112217958,-0.06774310020202626,0.6738630867713988,1.2231072304763722,-0.24240222416673912,0.7070527218062718,-0.25558748081057836,-0.6622695630713699
4,1.0371591179394017,1.3629877531190575,-0.11902260465370268,1.438334546224219,0.0,-0.8588877469629449,-0.6401428127020229,-0.5918369709251201,-0.4117081137978122,-0.45877129744346884,-1.8348304541574652,0.8937082230624759,1.4443410100953487,1.1817691303219302,-0.7134123861279359,1.2230446705121572,0.6306202223272789,-1.6017820603033919,0.8978898255038799,-0.2680441651344456,-0.4299787712183125,1.0486869671296621,-1.129707528573982,-0.8243288728158555,-0.959454893227589,2.44161363453683,-0.1822495415789722,-0.12136414122401948,1.1272817413391918,-2.5665702733828644,-1.2683470751661317,-0.07446615528072863,-1.4652617931630538,-0.2799062552888945,0.03571600232618124,1.8693423973953076,0.14726991671880676,1.5774219308734982,0.44964566203375167,1.0105357082194464,-1.5281906142129988,-0.32215124098450504,-0.7510486037917038,-0.0750211496279455,-0.15412044912970596,1.6439176501326918,-0.5398421417696471,0.022456193885735394,0.5243837083043547,-1.2421435177819686,-0.5707144092884007,0.4855657046746656,1.1224474615466913,-0.10423116497040646,2.6381202000396127,0.5589222010065943,-0.3890913893558081,0.47675168995035183,-0.9591086277585954,0.5558441883032567,1.4847080056287978,0.6498650439375736,0.6053026522920403,1.1446049542295829,-1.5685966204951733,-0.07845526115245313,1.3606322850452108,0.9329564608990123,0.9671694748334966,0.28165876670562123,0.2398671676114384,-0.372226161063101,-0.9480904717041572,-0.6680688849641403,-0.12312171521218233,0.7774245582641393,0.5455626271196402,-1.5044881958717087,-0.26463512471802164,-1.463646258276509,-1.2059420881400618,0.34364272656566036,0.6483226940724423,-1.3975342922574434,-1.1427868044264755,-1.4400951706993037,-1.4235462347326562,-0.6648314064719602,-1.3224854047550998,0.02165095730618795,0.5307124860688898,-0.05152319624595084,0.7140143106062964,-0.6462169962869668,-0.3882448119999593,-0.7485165451261713,-1.396555451549377,-0.29083486472149195,1.4033185874345517,-0.6361001807366092,1.9549600569337102,-1.4214028129008536,0.04097611043216627,-0.32007544959756634,-0.386637786175377,0.10491719146977413,-1.9584845941895286,-0.832083624280942,0.8634739780651135,0.754543281114765,-0.8569224055640194,-1.394305834966214,1.8863472593726143,1.5845569813973344,0.04758971531068449,-0.7069462195153613,-1.7289389927490442,-1.761009157352841,0.9861718823221782
5,-0.3335062722388578,-0.9254141575012773,0.030811334155266455,0.5535605570942012,-0.8588877469629449,0.0,0.5269823817019904,-0.47448405295388224,0.8699556960720334,0.5737474617096356,-0.03808911748665498,-1.0786804166936677,-0.019582059487442443,0.39493584648751834,-0.005915241965192757,-0.6839928938395844,1.1675187724260327,2.0270419970363958,-0.4231612253498061,-0.11663370109446117,0.24050975534191527,-0.9744763000613427,-0.28906832055412635,-0.0477058949759311,-0.32966390068854207,-0.41964187523039065,-0.2788688106031105,-0.3288087750160915,0.20785096291045257,-0.8272654920789475,-0.12157892503140866,1.5640973418911133,-0.14192633118242548,-0.8908552316615617,-1.0998114363661682,-0.17066074634669445,0.04014901189661674,-0.2523297865573086,0.19444312974860842,-0.10559784793439433,-2.2058678629897,-0.08699051549052696,-0.5719426274534956,-0.5604887798943995,-0.9240782175666421,1.4171619183798176,-1.1990497234312898,0.15864979993064834,1.0721219385546439,-0.9913883020909215,-0.013386375433247983,-0.017972118153185848,0.01860006557778966,-0.19604787086657163,0.04473496164769899,2.1324050262852707,-0.9483082282132481,-1.4936108743087289,1.4268918164034967,-0.8527620661592851,-1.0693799592159068,1.0702374699120767,-0.16363141568551803,0.7069289510906047,1.2178184262443452,0.3636569338564083,-0.419935161027034,0.44829701525894594,1.1634280047570769,0.42113226253991515,1.5384200539045318,1.6236520597866586,-1.0804880802639396,2.092327581665938,0.3244582585757028,-0.5778747188785954,-0.6590485219122438,1.6416114240105806,0.25916998191802887,-0.6395413976763766,-0.004384461740062329,1.538509693761028,1.8596057122527816,0.49590027723049107,-0.17143579711226462,-0.20138885019293898,0.7591049797281528,-0.47245163936652906,-0.9241517410041874,0.8550058604204027,-0.5498052237317331,0.44878690845510943,0.9677951193284493,0.05775709826231341,1.6790979071168883,0.5442393624740804,-0.2647453847862553,-0.6173693785840125,1.0083602699022367,0.18455709604783155,0.6541981845807492,-0.7857681841606852,-0.4313560954851542,0.024823360097031556,-1.6125871300851005,-0.6597722024536573,1.8459895335948813,-0.4677344152476558,-0.31831934048896865,0.5581650120759819,-0.5915865146403377,-1.7473862539218992,-1.065469771808169,0.5346101482081642,-1.2905149679767138,0.38489179052300027,-0.5903068669721135,-1.1641233161414708,-2.3432492371356206
6,0.9050113877901095,0.20635783316652753,1.6978702179585796,-0.8169366525815236,-0.6401428127020229,0.5269823817019904,0.0,0.09360084472899138,0.7727860560410589,1.2181927735680476,-0.2170296603030233,0.06964401949784972,-0.9728146277586608,-0.11800985616416619,1.3180817227458195,-0.3775929099497774,-0.2074585116399809,1.3706614247633295,0.03956950469738271,0.5192711238708911,0.8539748821107391,0.33262308819221464,1.3608718174227215,-0.2667640148059867,-0.3540600001964058,-0.8889548056271767,-0.2925125097258157,-0.891265337266612,-1.7235912177393882,0.020390142747185175,-1.2066002855697795,0.962174916619931,-0.2817653298418283,1.1139876778526616,0.36061087516370494,-0.6479035168939301,1.7728121131230785,-0.571186969983962,0.4772859738464552,0.6317946288448529,-1.2461040837385484,0.23864814753331323,-0.4832143045516192,1.5830817663479546,1.6925671875988617,0.5606190714014393,1.4863678155967284,-0.24701110510140556,-0.09890213581485058,1.9297295946760153,-1.656924612346069,-0.42557216674905957,0.04691864572378865,0.0008664447605002757,-1.028096579605201,0.31999579842964854,0.2630295589893469,0.020800571991125626,-1.1201786468522432,-0.8828276452797393,0.591289591080387,0.017157366983296948,1.0346319718865276,-1.7725622385026156,1.167615523459551,1.7505155857737837,-0.5331200842176427,-0.9864545298405648,0.27625913298938415,0.7668685998398297,0.3580313372018543,1.765071000668863,-0.26480003545463937,-1.003060937726109,-0.6963230032621207,0.005977827993077345,0.12535491710786964,-0.0814524802142343,-0.6562430977613859,1.4251972439376404,-0.7235821274209682,1.7773324336074718,-0.9923372106136541,0.8029321345773534,-0.12548725373882344,0.32350832705647636,-0.542130371524845,0.8362131655071786,-0.03404642135646044,0.30907919132509265,-0.315343548142829,-1.3697047198387762,0.5700357328676476,0.7471075343293779,2.2005750849006396,0.311092136398374,0.6972571374783674,1.7858511031063662,-0.28642490617300687,0.019023916138833138,-0.17627424433015,-0.3610604557424495,-0.1830541217101639,1.8713056908179777,1.8496727285733636,1.6878086237970196,0.025688145800473922,-1.3133431941341034,-1.282221345904822,-0.5099258812365514,-1.085774818272968,-0.7780653841458836,-1.09581775273929,0.3424398603709644,-0.22319977248171105,-1.199237870094724,-1.092342712861663,0.1080767199337338,-0.3853276479295382
7,0.3215943023192358,0.41586364333877296,-0.1013098976421982,2.242078246318649,-0.5918369709251201,-0.47448405295388224,0.09360084472899138,0.0,-1.3997898241589164,0.9121041290073414,-0.0752946034483794,-0.5354291897563507,0.15982169937772428,-2.933421269545985,-0.47462452200826816,0.0003342958791943775,2.137932890598858,-1.3658826039637004,0.40032747232746385,1.156526963224864,0.15864651430263174,-0.4675564232749355,0.1356455931923969,-1.2325853650262777,0.5568252207418413,-0.06074636568271859,1.3923965967168297,0.4332072053588166,-0.13233980570950712,1.2254671474252956,0.0723077579591209,-0.1062951385155558,-1.8035381300390438,-0.3158930824752174,0.35346354275158004,1.4044825650199066,0.890310617721166,-0.3750734581015236,-2.0101599186227475,0.10826767963763415,-0.09576946257903506,-1.004692696819846,-0.5567667348710224,-0.6286127723141659,0.7002392534962063,-0.9021286405459722,-0.18126995743291535,-1.2380615522285245,0.6822226373602913,0.013386319427432706,1.3739464624997735,-0.7860558037738623,-0.7425727986646722,0.8782728585251816,0.08338383752202616,-1.7352033333273156,0.0621295245729997,1.776467959798715,-0.6381671904234294,0.0819025639410709,-2.082894617454945,0.2644314226599612,1.815439806120718,0.9294501674968678,-0.3709532982963362,-0.923196447032535,1.628197802536495,-1.8486461324700196,-0.6578989656923127,-0.2852309939813286,-0.06411760296938161,1.8198678271876279,0.3610042170476038,0.925319624003762,-2.2368128622489483,0.5041403700182305,0.1851497047895885,0.11456519284711623,0.043173137104462356,1.1703154153362847,-0.9918633242696234,1.304502036382358,0.3244082496573825,1.2023410547559128,1.291207990703905,-0.14959220865044207,0.11069340279239333,-1.2148417680281975,1.7249508954056643,0.48791385998232273,-1.7992791720510004,-0.1519010126046027,-1.3326553828928234,-0.6016729631859576,-0.30122643199726595,0.17156643332258673,-1.0990286855896996,-0.9679143875685656,0.31125439518630804,0.8193949183014603,-0.8422053089752682,0.21062168153542496,-0.6758842430695301,1.9887853587992668,1.868700676163027,-0.02114284799839084,0.27579768450299785,-0.45222037655862807,-0.8336843528530039,1.1171310404034653,0.7100273223169343,0.8261356297810338,0.27573473007883065,-0.29937478843076715,-0.7286444548755576,0.6219475592784655,0.942339788564037,-0.6500446319213773,0.13883506335355422
8,1.0676735994814213,-0.5699128679656921,-0.6589824971049499,-1.0769736912656804,-0.4117081137978122,0.8699556960720334,0.7727860560410589,-1.3997898241589164,0.0,-0.37411780303194353,-0.049250102855156776,-0.29783923095299353,1.1308174927835868,-1.3586916432171983,1.8220631110091083,-1.4885824652008521,1.16953424921608,0.10706855209542344,0.9715855624869186,0.9418520043601134,-1.6491410747085458,-0.9010055103897927,0.4293329423188831,-0.11398813295765954,-0.2837165711119852,-1.9228172203436906,-1.1351726213701139,-0.7749909136928773,-0.579836256790473,0.3737982830647683,0.711140931729154,-0.1940931752340899,0.27633991469092667,1.4842691841961495,1.2605626090719246,-1.8801807691590602,0.181001212851886,-0.5964324334953246,-0.5572823843551871,1.4687475084599073,0.3835572520019047,-0.7561941873450654,0.18644140538331067,0.8309994661078551,-0.6967385559338378,-0.4750127670324597,1.2450719642776242,1.1683565408343408,1.2446621102665008,-1.5748130947204635,-0.1287588366951886,-0.6553147882405148,-0.20987187909266747,1.7935184910209687,-0.15143850533727435,-2.3216791050373162,-1.2443709275757595,-1.8255224141334234,-0.7466781302521747,0.2919761120741878,0.5532392390902988,0.07481217590693416,-2.3787548075852767,-0.560335016404515,0.03833927671601061,1.6573087276410179,0.9110129532825473,0.4270602235773191,-1.7435589221340493,1.4610128247246,1.4166518594173148,-0.7034948836197717,-0.3397170506175481,-0.1374097183394971,-0.17333936151000565,0.3224668829195757,0.42203295083045006,-0.9684749960756948,-1.3755573798407879,-0.6305773220868599,-0.15231323473129116,1.3328319051839161,2.3363174459298786,-1.3518242342409779,-0.07726058762391771,-0.1876922964318438,-1.2167681971710156,-0.8883638350908238,0.5468265996115877,-0.8812304264267206,-0.11470468665688022,-0.5540614425732985,-2.120358903089469,0.7333301177325622,-0.07575473856055365,-1.5871710113020994,-0.1438241534687827,0.9418421485790308,-0.5643646707554897,-0.24644469292118196,0.10326403583762914,0.45739560115268124,-2.318419198455089,-0.45399126321768934,1.3017611388132424,-0.21213359669275444,-0.07375941535633068,0.2510654511968793,1.4660937642897456,-0.5738899868989377,1.207978543347409,1.5258587665702,-0.32572540572346836,-0.4464610482146794,-0.5832371023055709,-0.8039769023152441,0.4152367050184021,-0.535087942903356,0.4089591055635626
9,0.790057096940011,-0.5706641754182529,-0.6831592556934492,-0.9795806380263656,-0.45877129744346884,0.5737474617096356,1.2181927735680476,0.9121041290073414,-0.37411780303194353,0.0,0.0654244606057816,0.5919193671936448,-0.3147852709634286,1.939170553205862,-0.5858562002989365,0.09515574703240574,1.3232229355502165,0.4459904115779807,0.21325241856249827,-0.27764748551882185,-0.32136462054012216,-0.8864990043478509,0.5719490809319567,1.7384264143886263,0.08877868989663441,-0.13663097534302726,1.6312330032526738,1.3910937791717843,-0.6917425303122081,0.3400840966148594,0.2500526746611307,1.376972685212131,0.031124133728128247,0.2594222593017293,-0.8933302773440517,1.1517777504267217,0.9971472687119938,-0.4415075347941732,0.19427246092615924,2.0185890345308652,-0.209231507525717,0.9255849457101231,0.10659069969278832,0.35839608508857373,1.168941230997289,-0.06118411505200396,0.8827475990029132,-0.40895519327020546,-0.0669818853359726,0.29407401696492125,-0.6754899977216752,-0.19232951250977187,0.47694637225612857,0.0518996126692123,1.01404577070428,-0.022608930022174144,1.4753574228072917,-0.5830453232524068,-0.32618575377463904,0.8173966783356715,-0.38884978903092166,-0.6217035587331097,-0.0693614283499569,-1.550713529826054,-0.005809114691982039,-0.5538002698173925,1.7067435280290124,-1.6518746722832485,-0.08730566819569559,-2.5455130399339696,1.0350766096666588,-0.6488107388805977,-1.3719090215130625,0.9449207711783106,-0.6900948257803293,-0.9247686705673257,-0.109312901557799,-0.6387586257947784,1.1119336757789955,0.41744114027041995,1.3110926135160863,-0.02487717873308893,-0.28499850175129526,0.6238235745336748,-1.2992724960435322,-0.46712610545584293,-1.069044516231552,-0.17282660525017718,-0.45260529181466713,0.8161069102424835,0.5332777989015983,-1.5137330713524617,-0.27673819798597665,-0.48454431059531233,0.7906963203056596,-2.1206779591036193,-0.4861114459754604,-0.5232735174462266,-0.06520183418537283,-1.8756680694746313,-1.858555156380386,-1.7176383404493798,-0.6019125091308909,0.19415566285534708,-1.007989968593941,0.3467846914136768,-1.9734297981994962,0.7134947742585909,-1.6901478144169366,0.28231290113447177,0.23158037032430484,1.7425544988800987,-0.733737151539814,1.033812293097962,0.871119423620661,0.2854839076655482,-1.099669485737787,-0.6799601739928023,0.8892147871520296
10,-0.7950177598867242,0.9136619416758925,0.02694787578559999,-0.8717107553689248,-1.8348304541574652,-0.03808911748665498,-0.2170296603030233,-0.0752946034483794,-0.049250102855156776,0.0654244606057816,0.0,0.1982332205564619,-0.8506912938908542,-1.0157718608676722,-0.5903704975619813,-0.05589923154434431,0.5114916028173596,1.745358638461846,-0.6039533603395864,-0.4811139235368683,-1.750210166280107,0.5678650928501929,-0.02260168054869331,-1.4953933938443724,0.36727364292654024,0.030400318802290962,7.237815751737748e-05,1.046280213487788,-0.45196443171107054,1.2601676667360249,-0.32733811707867017,-0.38450481891028293,0.2457088218594939,0.11804862549181235,-0.8370057359733933,-0.9305014633772606,-0.3317926186465406,0.7584896089568006,0.41381755185662045,0.45272759033312454,1.125040313253322,0.5644123676896812,-1.6258114685425542,1.4928836332477953,2.3323713393011074,1.1731701549972844,-0.5314823346111601,-0.4003036069375778,-1.149265506705039,2.6461258350613015,-0.5850070127350254,0.20593079194662928,-0.5146720719980034,-0.895125588934941,0.6846512169168543,-0.020060307146911614,2.423796819587785,-1.209760430211896,-0.41449453879519865,0.42554412761655913,0.6585559476232855,-0.04151223763806484,-0.6577274444921819,-0.7752272010107303,-0.402480570328899,-0.27516908086561087,0.3142090029445863,1.2722573830640922,0.5049840553109706,-0.17241005843464707,0.22780591884470003,-1.732919264897751,-0.4721286998530919,-0.3973174131164229,-0.501846055964679,-0.620894389248088,-0.34209396206114384,-0.49213041901476917,1.0631132535002752,-0.5303725550799967,0.8277131206546237,-2.046192844049521,-0.9489613614376333,0.2750751837027553,1.0233105356023402,-0.0008788075062091058,-0.009253219566536654,-0.0025199960851727474,0.06308642998122738,-0.5952251561581998,-0.994434469813613,-0.880583868476507,-1.9811571789862454,-0.4026981023694891,0.35797324569171773,0.1413495805196102,-0.5050245413748751,-1.140275866690151,0.6304091777041491,-1.8185502997762824,-0.515269520043194,-0.7732754542485148,-0.0814362221213877,-1.344767367811884,0.5937184587239585,-1.8125102617534408,0.8054515873213016,0.01865994028213795,0.162379838545412,-0.20825454330075596,1.327040247174449,0.3709001919280032,0.4488147043288951,1.6300415644883666,0.08096399712203539,-0.13497157028784817,0.8867948783260888,-0.15427579065638125,0.8329521590969461
11,0.05283079324843631,0.2658531943246188,-0.8840722276319447,1.0323252977072799,0.8937082230624759,-1.0786804166936677,0.06964401949784972,-0.5354291897563507,-0.29783923095299353,0.5919193671936448,0.1982332205564619,0.0,-0.5747044868162734,2.1975295333433333,1.498441140928184,0.03972882078737876,0.4868649194415229,0.10021824892936806,0.7266409492238698,0.2578137897278706,0.9614365529957323,0.6600684932566027,-0.9769378003153016,0.12208995705041854,0.24667476577188258,0.32628598721059054,-1.3206402964753645,-2.1827326068957973,-0.6248419161747032,-0.2586125516641956,-0.3899218824430644,-0.5719601445609753,0.1588027770461035,-0.12922769939595838,-0.23736351075328227,0.5559673219991236,0.7788693718872958,0.6938340940902672,1.4790505240920777,0.6021292181995839,-1.897325710500769,1.4017117881529004,-0.42122067451710393,-0.061949252432618264,0.6521318239964521,0.16673663320316445,0.2504058092728315,-0.5047906767220557,0.028129200466308076,-0.09484682542643687,-1.8136375970405645,-0.8745345971943433,-0.7058009465381607,-1.698464925594157,1.9182705556115796,-0.4297791171668217,0.3014737042238168,-0.7662438551323209,0.24776243240231852,0.6097989913955719,-0.7748885170657762,-1.3013463225295865,-0.6260087704318159,-1.3949747669744468,-0.823462319231192,-0.1973132705001306,-0.2951778181416887,-0.5956889033811165,-1.2842646746457713,-1.335165404997866,-1.2455960265430268,1.535118196916292,0.7979446574145174,0.23906117665839094,2.0315495068777127,-0.2323278951455229,0.7909415525094915,0.8829567478783781,-0.3356071783791749,-0.24650022395254767,-2.536749829151328,0.326884833934095,-0.19858344887700558,0.9055986917379063,-0.8405095503672845,1.2786756950617861,0.037660827309908024,-0.521314025193937,-1.5918831337677932,0.34174093864034616,0.8395993542550004,2.332272724724211,-1.9111661026512035,-0.7138960140697315,-0.3308885661661622,-0.03334748794738992,0.07412585407991973,0.07365783379176512,1.6496012148101413,-0.36935387269469844,-1.8028887480345468,-0.46072606924453424,-1.128484414810475,-0.20225922459258722,1.1304017761190155,-0.8990577479274388,-1.0764729764542365,0.975332086470581,-0.9463262937512249,-0.5922585360264702,-0.6820601585339328,1.2521692273295102,-1.469169508039166,-2.2725030113419598,-1.3829343371157294,-0.5210126613217272,0.2706173747288296,0.05956203892876406,-0.975426002475525
12,-1.047427267384562,-2.2987664108087857,1.885926373477605,0.40599253073454966,1.4443410100953487,-0.019582059487442443,-0.9728146277586608,0.15982169937772428,1.1308174927835868,-0.3147852709634286,-0.8506912938908542,-0.5747044868162734,0.0,-1.4102918396358117,-0.28080448989859763,0.10652234397805267,-1.27479430835503,-1.3777875380781572,-0.18764900952851693,-0.006775466613000311,0.9334851838821739,-0.5098982513292264,-0.5715837782092142,-1.1090281526542134,0.06563979202239231,1.164789858777671,-0.7316210058695595,-0.6186750616626936,0.713972191597211,0.3933098996266933,-1.5531066447710122,0.6670140921220395,0.8171029731731304,1.1324875191277195,0.9948224822177903,-0.5186424642227239,1.1123858718685362,0.8588402320387313,-0.5085567793354518,-0.13916762828933688,1.0567635375251785,0.8734250617711511,-0.9371148628017301,-1.0506143807188166,-0.94621928112151,0.719932053850835,0.05442625470460063,-0.3651969243110737,1.5305245632262172,-0.08599065623961892,-1.368219151347799,-0.43100821292402747,-1.5508781893574985,-0.4372042006761294,-0.4612882082285103,0.5728437911742543,-0.2981723321778908,1.5972638362694118,0.3102094940957864,-0.3444907888378981,-0.40296287479669896,1.602838750406417,-0.19758360217750592,0.13601445400072013,1.1322902227521865,0.03923350953888209,0.8507006591190812,-0.20785160609515924,-0.04633960169637286,0.5589900769002555,-0.759191800725153,0.6406714608039479,-0.5866391493418919,1.3111680267488148,-0.13186831209636407,-0.980226897210562,1.1811759962226231,-0.5970657471726236,0.3278296766002133,0.3375979216560906,-0.5609224635760364,0.590577341979665,-2.392503965435118,-0.9645632535736441,1.0243480560805707,1.2232292540797738,-0.17696463231144172,-1.5302803765833042,0.18903909706211458,-0.576064094251618,0.5951775313305668,0.0261487811734058,0.5786513077640989,-0.3786704890231402,-1.483319733505927,0.16126273999387453,-0.9730759245991218,-0.19769971621574786,-0.8248440764384827,-0.8959384964158755,-0.602379652671819,-0.20132397115934011,0.49904789312065995,-0.35930108568371594,0.3407036638953072,0.29373882669870616,0.08098519225012672,0.3190187420262478,-0.425548396151641,0.20775840399536452,-0.8043319438172704,1.4669584044292538,0.5235461834805463,-0.029832304280102234,1.2339901586101887,0.7864471339781453,0.013489966015349178,-0.3217880848496862,-1.1760052251040702
13,0.9958674092181442,-0.590365886947024,-0.7145099529138813,0.2681617623194637,1.1817691303219302,0.39493584648751834,-0.11800985616416619,-2.933421269545985,-1.3586916432171983,1.939170553205862,-1.0157718608676722,2.1975295333433333,-1.4102918396358117,0.0,1.4176334309266652,0.03374257837308812,-0.0464617641205858,-0.6887099348109745,-0.41239913058229294,1.73022235239274,-0.6431208428057954,0.055420574125764975,-0.7902713162159064,-0.8609567178884046,0.03675924948356598,0.3214963612676317,0.5101351511327583,-1.2321219639155276,1.5308667877458468,-0.367820260294964,1.2696701552292513,-0.5450457748769519,1.2691028016787198,0.28718634248669955,-0.6335123190198669,-0.5516821760032752,0.39605079673287086,-1.1241014833614271,0.25828842161963134,-1.9301588754470096,0.8223882290161613,0.12829512061894235,-0.34334147410371846,0.9309218366187411,-0.00246938889906513,-0.4375964244044505,-0.3637027134524273,0.4496284204141796,-0.873382961425153,0.4202185728725357,-0.26444481490995686,1.4583512726055778,-2.0176602754939004,1.1574745310114436,1.017881562123857,0.7411802018077339,-0.959420127750713,0.9401012909561477,-0.2416440416397481,0.18925889283337463,1.4006069781895134,-0.7959709154537636,-1.4574302001362038,0.29463726658639644,0.6362151122947383,0.22590229802452408,0.957355125023771,2.2092371048470376,-0.5353829644337124,-0.9275619748168619,0.0015455511732782954,-1.3599914301232112,1.023142502823404,-1.053290640293109,-0.004609640736246001,-1.4550863676848471,-0.665622040902507,0.934444287407468,0.4647469980708852,-0.08642334693700063,-0.1892846878253801,-1.6215893767873604,-0.6793741264953221,0.0678918080422042,-0.3324888737529263,0.4994589010083422,-2.634167078347694,0.47930921876471483,-0.50576565218019,-0.6051832081843226,0.46000343126012144,-0.06408699413956728,1.0612243785664648,0.45306702120247677,0.11703451690965062,1.7925411298808296,-0.8756218700676243,-0.2531046604455843,0.9837055241064929,-0.4509879698090482,-0.26513335388684883,0.38160137089256563,-0.49088475769703294,0.36068818541511694,-0.36772881730861073,-1.2355437838783243,-0.3346306341045137,0.8476585957889462,0.48306718754990136,-1.1800515017197113,0.201007852165676,-0.5311863543020844,-1.3156795846474685,-0.5393240539980012,0.41033073741556664,-0.6833477451437983,-0.35946434843978514,-0.6980614514394071,0.300583466308822
14,1.1168475472887016,1.5047561536286438,-0.9474128810051496,-0.22964515274859026,-0.7134123861279359,-0.005915241965192757,1.3180817227458195,-0.47462452200826816,1.8220631110091083,-0.5858562002989365,-0.5903704975619813,1.498441140928184,-0.28080448989859763,1.4176334309266652,0.0,-0.8572915762438675,0.044002684822044315,1.6523682162227913,-1.6167045299277547,-0.17519464222931302,-0.15761375870475144,-1.3216524638170752,0.3690068881886767,-0.19019231346487778,-0.21947260549211683,1.5675193533280496,0.5780295157983973,-0.995314253770393,-0.4723678926141442,-0.4789104470450242,0.685739124882704,0.023903899672887283,-0.07492703053288198,-0.2215712120323404,-1.4943888623190311,0.3174121913563694,-1.7976197345705411,-1.66761308557077,-0.6744325081347264,-0.5433742523477447,-0.0619821274371795,-0.40988918336128793,1.6376807281927737,-1.0841518646314652,1.1565781884133421,1.3908325073559757,-0.1676305159879478,-1.1040345612749503,-0.1265853297834916,0.867777650412261,-1.507137017389425,-1.7584774764323248,0.5837409618861488,0.07841256795174509,1.4767662899903196,0.5242722520625118,0.39112907374660905,-2.0769867738715497,0.5697137818746663,-1.5634104837627176,-0.6778425765158221,-1.307540627650763,0.17443913193008465,0.5361963450239314,-1.854296568869185,0.34563875476838224,-0.7863560391738789,-0.3857329704337347,0.635518479938111,0.2924501249619854,-0.5438791585495759,-0.2621894720513746,0.16582145313353694,0.14009698541757298,-1.059296862459625,-0.8962916814126275,-1.1009280256072793,-0.5676902903730511,0.8217552807901988,0.6886434062408523,0.40187402851103265,-0.5343530931708167,1.915514862098867,1.886444252232307,0.5423789747753583,1.6956606104660048,-1.0740823092615803,1.1167015122471367,-2.120080705669631,-1.210895991077663,-2.420318269923312,0.5687702737120861,-0.12867468010555688,0.46666804764141145,-0.8358874110222364,0.09793001248415314,0.027885607413053515,-0.28593159848904887,-0.8662549839810254,-0.9671584858848844,0.10548562428308661,-1.6524655962324166,-0.09956806955693949,0.8452064332965441,-0.41828351173807715,-1.3231888101319766,-0.5217066547129754,-0.7235973838066591,1.1322049218339656,-0.8716412202030019,-0.1043280195901196,-1.1688565795893937,1.2197937473912368,0.32510130218386113,1.4796082211664479,-0.31315005607133994,-1.6595183528335318,0.859826504307501,1.662825357163049
15,1.030397246848155,-1.2202649425607655,-0.025402229165630102,0.6461847797566427,1.2230446705121572,-0.6839928938395844,-0.3775929099497774,0.0003342958791943775,-1.4885824652008521,0.09515574703240574,-0.05589923154434431,0.03972882078737876,0.10652234397805267,0.03374257837308812,-0.8572915762438675,0.0,0.16486065097839667,0.29535153588729396,-0.22341897036533284,1.1255826757664769,0.6220772328907558,1.1167649402333892,0.30465191768568733,-0.4818831959612652,0.5264014308819117,-0.5239872805977042,0.6097757507745578,-0.35823865604208815,-1.338553007285834,0.5111963813479444,0.5110552972449597,-0.7728808068923827,1.6405026495962738,-0.109960613038005,0.1417344913640152,0.1453741185464537,-1.1976271775699543,-0.38418665362807447,1.515498472100213,-0.6950499981216375,0.7151762200412877,-0.5327271098530555,0.5977319582232855,0.38264581842853584,0.5033457168392962,-0.20482865658950697,0.48614178197746355,0.029701609411408467,-0.06692719373923642,0.4925405057939757,-0.30324628932647574,-0.7988257316305006,0.1987658172725479,-0.5746338569278234,0.642716868050006,-0.44098755873581014,-1.0809526780713818,1.7187940265926736,-0.1136248880341475,0.4179635331265439,0.3117227161765149,-0.5998522639984365,0.6189761269342248,-0.5478672919109675,2.2676840534607328,-0.5046159720752881,-0.1376761593927858,1.6318217868273528,0.5288532590146078,-2.4799833010389354,1.5480818813197443,-0.2583485346275267,0.3628100964655469,-0.5231596343837114,-0.18437964502530127,0.1980128491797035,-1.5441790738020187,0.47255680065553585,0.45275512615422325,1.1128372841794079,0.04308234789701825,-0.6413544421182557,-0.027400032373512517,-2.957875709122513,1.9558045577632297,1.3769427167310582,0.7582298334879366,-0.6909937772455621,-0.6483553823665283,-0.10353622908111432,1.2665696114133431,0.7554563946425056,-1.8759074303342809,0.5001565762816115,-0.25240892707637724,-0.7086005206586812,0.8632816168597883,1.1769193037883912,0.6261831144919957,0.22866235881003502,-1.2893113106295588,-2.2362741074762287,-0.8582477123578736,0.3454585613946352,0.8029288783640598,0.26311261655307566,-0.7870779035709922,-0.3303034193173115,-0.5218701056547203,0.34751872869273814,0.39464774716460804,1.029453332859294,0.9486801874368963,1.9335976569448103,-0.049245656306471555,-0.9980045002145005,1.5411150443101682,0.030595088872492498,-0.6951645647171947
16,1.7755807991947077,-0.6976986096788034,0.5174488638883936,-0.818342200486238,0.6306202223272789,1.1675187724260327,-0.2074585116399809,2.137932890598858,1.16953424921608,1.3232229355502165,0.5114916028173596,0.4868649194415229,-1.27479430835503,-0.0464617641205858,0.044002684822044315,0.16486065097839667,0.0,-0.16947581879022272,0.922550577342135,-1.3806409251691825,1.8023276316658536,-0.13528760378884286,-0.24190865452070323,1.6067677602285306,-0.4551631105968751,1.2228559006848436,1.0858066480192636,0.6061228079752965,0.1561999009336322,-0.5914522951966273,-0.3294841245891434,0.5467254823042023,-1.2452145365869067,0.19895385471936414,-2.4679991436402657,-0.024149990322115792,0.4200339012187658,-1.08271741587721,-0.40059573848087304,-0.5300703372029906,-0.2366957995479806,-1.4825127751599647,-0.25393308761495914,-0.3553755930743028,0.029166811012246698,0.12572146009546992,1.252056230051519,1.0937671683343464,1.0372508185065052,-0.07537041951861125,0.3178966053359874,-0.458158699771828,-1.4153614781157078,0.5196564606182096,1.3909256184938494,0.10781352560335844,0.7084562426273434,-0.7803007636811035,-1.5163742681483872,1.092838619991071,0.9959718029087556,1.4071957695107444,1.4382945820351731,0.666511433377057,0.8537452403602712,0.29760140455977685,0.2710369423655709,1.6563418399102672,0.03099069418785257,0.13665678799016076,1.7798196540194187,-1.769233747722737,0.5480064620512477,-0.2116764972364751,-0.006658862941631625,0.3055073747959454,2.5902003409819527,0.44171285261661486,0.20262510022773744,-0.6319250482479264,-0.42688355140835926,-0.5521606217144721,1.0536809848080146,-1.0181423056874206,1.9880314988866363,-0.5355202039950249,1.6172399515026046,0.8467894532028125,1.8122565897467644,1.8305317359046915,0.9176061361805306,0.13220285403087845,-1.0996648141370133,-0.06156482840796572,0.8137266404204825,-0.5158849541010361,-0.17948009873206539,-0.6106158275146633,-0.30891644677064667,0.6004121628357496,1.2180727386564574,-0.3913457921978919,-0.4794079280963765,-0.15104866615801746,-0.5405413243389742,0.5132463071827221,-1.2772233187567799,0.37507297666125905,0.36581700237783477,-0.5359488633665381,-0.019571455553984665,-0.6000545289868355,-0.742727644828215,-1.828035752515235,-0.467996879637222,-4.0569693059162866e-05,0.9579219596000764,-1.351642656157304,-1.4799116109251313
