,0,1,2,3,4,5,6,7,8,9,10,11,12,13,14,15,16,17,18,19,20,21,22,23,24,25,26,27,28,29,30,31,32,33,34,35,36,37,38,39
0,0.0,-0.5837916960257484,-0.8221263851769042,-0.154214093008654,1.0670887557134363,0.19284504535144584,0.45836313417766256,-1.6868935242926517,0.8806364117676877,-0.4710871875403017,-1.0522837492921133,0.6259787769797095,-1.5667624411653114,-0.10597511157279516,1.502354888782033,-1.449254976677081,-0.5451111650523045,0.8203031502408745,0.3161878938885232,-0.7312612226843936,0.28780791215675083,0.6938372942113902,-0.8855440410493861,0.9919641140783436,0.7569590995943698,-1.7978143611375306,-0.26139541156415913,-1.6591985742060116,1.8434334426486478,0.37669610834982126,-0.24259030289796282,0.12778899017729065,0.33809514844082766,1.118284480360234,-0.1062568546979189,-0.4347358925574697,0.29856871205600505,-0.7947270657165078,0.4913590266142979,1.408264136947507
1,-0.5837916960257484,0.0,-1.9514561589706396,0.22563802162427346,1.743374261369309,-1.0736015155154877,1.0872681407045819,0.6080358795411369,0.7743237346410806,-0.4405759467222624,-0.953490782321547,1.5918113576548976,0.21619603878526775,0.6123433270228543,0.47075440026184107,-0.022478213957230292,-1.3044203665718006,-2.6664772456567283,0.34595529037928613,0.14586521281384945,-0.139417180901963,1.018307014944245,0.15303039250274372,0.5913840608707026,0.2242975858901434,1.2372247764544986,0.16334678878236697,-1.4143853171277023,0.049647745253464284,-0.13621150606994933,1.263785348177111,0.5974419898813296,1.486159316293148,-1.7156101459585331,-0.8074763659686999,-0.3835086866327217,1.0823965781746734,-0.46359477176881175,-1.2726669249269953,-0.49799069107989347
2,-0.8221263851769042,-1.9514561589706396,0.0,1.8986209579921276,0.4162376338472206,0.9247974063875737,-1.0190887665404722,-0.10378680296771399,1.5306805224454667,0.4361510901713256,-0.13772346265675903,0.3847976028501198,-2.184232117474944,-0.24382229874619216,-0.10558203969785573,-0.1275909093772855,2.10022720313379,-0.8700172160638703,0.14166321762033562,1.4298160036549703,0.08924081248829321,1.103211229283765,0.07186701821173025,-0.8430479328123347,-0.08909289469568743,0.14922897495521484,0.5847719548114646,0.11133641888662976,0.24032734292863314,1.1765356146775505,0.3216316855900814,1.1185314618698414,-0.4658200150699582,-0.5046736252293145,1.2354860982531783,1.1890210418872174,-1.668008120689678,0.4018236976356678,-0.38053628552091,-0.6223628892007687
3,-0.154214093008654,0.22563802162427346,1.8986209579921276,0.0,1.4568511371882535,1.1620815739419683,-0.8511919922546818,-0.9568938434047024,1.893769225180612,-0.5504976234729727,-0.40522786681887935,-0.90167847687617,1.9175646163902658,-1.4986484146804326,0.8391322550070376,-0.12267242188238815,-0.45564558125988636,1.4907442180276196,1.1251273521578078,-0.23918507038646014,-0.20274070624281937,-1.042014599284216,-0.12121319792874218,0.6886175111994101,0.9831305435616391,-1.4824754768660047,1.2317102715612078,1.0106855956086072,1.2277976422005548,0.031872168293264974,-0.36434875280423706,-0.02462981868919388,-1.152911220523812,0.14158219670281394,1.5977278440704379,0.6506993853292077,0.602885915197377,-1.0771203479159872,0.6886089958671506,1.3094459316533218
4,1.0670887557134363,1.743374261369309,0.4162376338472206,1.4568511371882535,0.0,-0.009591750884804734,0.49825107858171824,-0.987952905671309,1.2819074595190516,-2.8720344322870086,-1.1514551497648842,1.8332285409397997,0.6016407091147138,-0.5273043875034904,-0.6160147302027811,0.43508297646689,1.645472232347371,0.6408679243902519,-2.1646524727427368,0.35279235555034255,-0.256577847352047,2.0850915924513402,-0.4449934801765372,-0.333898903208557,1.0745182998785348,0.13540429832612572,2.1605932690925673,-0.2203631177429708,0.9037594323275107,-0.669345213265971,0.22058171942406354,0.3209667597418481,1.615168136507356,-0.008780894413113005,0.4254626019161421,-0.0585129555722758,1.5922269909199303,0.03593965161673117,-1.0822521119379256,-0.4952106195899727
5,0.19284504535144584,-1.0736015155154877,0.9247974063875737,1.1620815739419683,-0.009591750884804734,0.0,1.0830440195253552,0.6307902155323111,-0.6917091355494785,-0.011487287721108009,1.0355941214624502,-0.08727829706623055,0.39923993305927025,-0.9603942556398405,-0.2630942768831893,0.1925923566114872,0.6162958846919009,-0.00045459510242876867,0.743327532800214,-1.7066868437087825,0.05114211271276582,0.7103155760711821,0.6807940030414066,0.12175674671784645,0.26198636723729596,1.119111606237561,-0.4546582948989579,-0.12785998372097349,-0.5839017013197212,0.1316498820465408,-0.3217746754315486,-1.2215950658308357,-0.09395721507972683,0.2891311492661669,0.500824259927053,-0.2608187148946614,0.11924151534759389,-0.7786565578956527,-0.5660914676900759,-0.34212596658011524
6,0.45836313417766256,1.0872681407045819,-1.0190887665404722,-0.8511919922546818,0.49825107858171824,1.0830440195253552,0.0,-1.366385395055081,-0.5847255230906185,-0.1710345029745721,1.4196318783555186,0.6208836202949781,0.757266321183792,0.7752061235012017,1.118660733228797,-0.7409834491492169,0.4836983969450202,-1.3484107148611064,-0.37647918136465147,-0.8766079651489364,0.44998511124075097,0.4285737033568345,-1.6292726632939794,0.2338364866833055,-1.8180766825187091,0.6995477229344403,1.6336921639639344,0.11754933688753838,1.6039881911803457,0.027915926173614523,0.3195949025648146,-0.05327818306730178,0.46728226173064735,-0.11039294792330258,0.8213269498457427,-0.4335390886582726,0.2523993592505929,0.3445119481656311,-1.526271660646038,-0.6110576212294888
7,-1.6868935242926517,0.6080358795411369,-0.10378680296771399,-0.9568938434047024,-0.987952905671309,0.6307902155323111,-1.366385395055081,0.0,0.3308714537890638,-0.6257295527582961,0.6951541704979244,0.04645580772704172,-0.20578505726918886,1.5980756760322352,-1.7593778307203998,1.441999080007065,-0.5389686482110547,0.28715885770691285,0.5855603490922122,0.6924285691692578,0.5698160553748499,-1.015693540572406,-0.30935032344323654,0.3514333661441836,1.4822301605887946,0.47696239660748296,-1.9978571710078525,1.1750515532952204,-0.21647320768913558,-0.652878825833526,-0.5814128152258841,1.5025800945737624,-0.06525385737979882,-0.7831156099571152,1.5426327933028423,-0.41090854126264487,-0.9468146006788498,-1.4445119915485334,1.2483121689998091,-0.8220846359812287
8,0.8806364117676877,0.7743237346410806,1.5306805224454667,1.893769225180612,1.2819074595190516,-0.6917091355494785,-0.5847255230906185,0.3308714537890638,0.0,-0.019122761089978166,-2.7345519930784703,1.1071593194841585,0.5980038050969839,0.43817508397120225,0.7191701408472843,-0.07171624707835594,-0.794899497413033,-0.7993458112754558,0.9141579510015342,-0.5774565166172508,-1.2376919978770162,0.12470017849082966,-0.796566080032969,0.4940257745055966,-0.6352362221197073,2.1278047001823746,-1.8298603421408297,0.4829861389653131,0.5376633741442227,-0.08656009682948297,0.23245721195530628,0.9377091266264366,-0.960791639383642,-0.6446330203530616,0.17132531021926278,0.856773812339593,-1.1254746629112666,0.48433062137945276,1.0513649157333405,1.0466193765398024
9,-0.4710871875403017,-0.4405759467222624,0.4361510901713256,-0.5504976234729727,-2.8720344322870086,-0.011487287721108009,-0.1710345029745721,-0.6257295527582961,-0.019122761089978166,0.0,0.10560540636807172,-1.0382032287389011,-0.19852434285100842,1.4622714293699808,-0.3394459072286642,-0.16672657783832262,-0.29004428223524836,-0.1561137062262355,0.016498727276614323,0.9247354740616761,-0.5992899487545218,0.917876881611985,0.492037703297002,-1.253697503695636,0.1694715059802645,-0.34274745495542625,-0.8329588589109109,1.2802589422848927,1.3026403184174737,1.4495788202158226,-0.12782017624980269,-0.368917851466623,-0.5901200956721814,-0.1349222524800156,-0.9132766360205419,-1.2861611902050842,1.4395876685326563,0.8175729397650809,1.2815933569012508,-1.4269404953919143
10,-1.0522837492921133,-0.953490782321547,-0.13772346265675903,-0.40522786681887935,-1.1514551497648842,1.0355941214624502,1.4196318783555186,0.6951541704979244,-2.7345519930784703,0.10560540636807172,0.0,-0.7838762742541807,0.14086299190782148,-1.0892793804364262,0.3468836763132484,-0.14539975137711175,-0.992418980382784,-0.2722018306300608,0.20153855447876431,-1.1598322507398657,-0.2731746028304324,-1.1607940185992212,2.581442324977358,-0.372208506317575,0.052716313637978775,0.9654791232945237,1.1698546500388356,0.221292643335645,-0.33161034124899397,-0.005688224548451884,-0.23666512845631626,0.6968382524124218,0.3825034783483212,0.6722103862823601,-0.3198194246900116,1.0007730436406872,0.2580253787265053,1.2399342708369634,1.6060394200351953,0.008874418779126043
11,0.6259787769797095,1.5918113576548976,0.3847976028501198,-0.90167847687617,1.8332285409397997,-0.08727829706623055,0.6208836202949781,0.04645580772704172,1.1071593194841585,-1.0382032287389011,-0.7838762742541807,0.0,-1.5581882142983479,0.8819482942122767,0.12630398502388776,0.80178066721899,0.568159726451074,1.1032516469786344,-0.14035327030979916,0.2941948499204438,-0.017559422103791692,0.42618693253166007,-1.3704105528078083,-0.35968311302238604,-0.10707638469559654,0.20763315858383433,-0.36509369538855146,1.0711876279636525,0.051346451975509674,0.46584387877232575,0.7894270749895551,-1.380646390638041,-0.23649228548620105,0.4622244452328902,-0.5182851878464683,-0.44970344377135113,-1.4089056776968263,0.1304992014407487,0.6947853847485259,-0.5287914346122567
12,-1.5667624411653114,0.21619603878526775,-2.184232117474944,1.9175646163902658,0.6016407091147138,0.39923993305927025,0.757266321183792,-0.20578505726918886,0.5980038050969839,-0.19852434285100842,0.14086299190782148,-1.5581882142983479,0.0,2.4295089091791944,-0.2973680851495393,1.2771759836792862,-2.331820693336967,0.32175551700214977,0.6048060575182224,1.392422924064392,-0.32158909239399347,-0.10395444401236248,-1.4746414610583825,-0.2628014227343025,-1.5853935581278096,-1.7401563275350478,0.6649960247818293,-0.5042367260737505,-0.9705058772954223,-1.0345997443356398,-1.9155914527077784,0.6473383561305078,-1.339069635104925,-0.6591746539446335,-2.0253617092842884,1.5527832018383998,-0.7071502355625927,1.2742385057035563,-0.6914273198585114,1.251263505180514
13,-0.10597511157279516,0.6123433270228543,-0.24382229874619216,-1.4986484146804326,-0.5273043875034904,-0.9603942556398405,0.7752061235012017,1.5980756760322352,0.43817508397120225,1.4622714293699808,-1.0892793804364262,0.8819482942122767,2.4295089091791944,0.0,-1.0097120700164743,-0.1473111686308532,0.764400152244537,-1.0169403217508564,1.2085085086213796,0.8169893787262151,-0.7257644085115367,-1.0583700444073103,-0.3614519598877399,-0.36446429300194066,-1.789806896119929,-0.7831503058509477,0.18860455752529595,-0.3074620367638759,-1.1929574741947493,-0.09379220504687885,-1.0255630437721877,-1.5921343015726523,0.5403297216060454,-0.21460789893596138,-2.064177102460094,-0.014446334492959295,-1.1461163507197405,-0.07233790874024801,-2.766539331191166,1.949843903930037
14,1.502354888782033,0.47075440026184107,-0.10558203969785573,0.8391322550070376,-0.6160147302027811,-0.2630942768831893,1.118660733228797,-1.7593778307203998,0.7191701408472843,-0.3394459072286642,0.3468836763132484,0.12630398502388776,-0.2973680851495393,-1.0097120700164743,0.0,1.2347053639349541,-0.31210414011289506,-1.7407904638821938,1.2026341185869127,-1.7831306922324495,-0.16313989135725807,1.3289636827110531,-1.1912169105763593,0.23693796082271903,1.3222267729826973,0.5271984478529962,-0.4590847060661813,0.6634856772052623,0.2926174402560658,-0.5527212054840349,1.5320469029569224,-0.2508210598929594,-1.160576838161233,-1.1118322494436892,0.2351431786141601,-0.7151517693944435,-0.5112766534248648,-0.20180329404419517,0.36162878745498417,-0.22199029783512064
15,-1.449254976677081,-0.022478213957230292,-0.1275909093772855,-0.12267242188238815,0.43508297646689,0.1925923566114872,-0.7409834491492169,1.441999080007065,-0.07171624707835594,-0.16672657783832262,-0.14539975137711175,0.80178066721899,1.2771759836792862,-0.1473111686308532,1.2347053639349541,0.0,-1.2211036784813285,-1.0064110287167825,-1.6305368738665695,0.7030023244609219,0.8280992230340729,0.3713463876661257,0.08360107813341477,1.0244794141970508,-1.612352284464461,-0.5510537702954856,-0.08349031488389831,0.8194974071000145,-0.6425777414499526,0.030786823757053397,0.2513646796500298,-0.5447735544723604,2.9451813973867056,-0.3913776579850928,-0.9898361894349391,-0.6193628942024303,-0.8610579446098846,-0.5891349729304263,-0.4382284029444988,1.3625685659086757
16,-0.5451111650523045,-1.3044203665718006,2.10022720313379,-0.45564558125988636,1.645472232347371,0.6162958846919009,0.4836983969450202,-0.5389686482110547,-0.794899497413033,-0.29004428223524836,-0.992418980382784,0.568159726451074,-2.331820693336967,0.764400152244537,-0.31210414011289506,-1.2211036784813285,0.0,-0.20050265566219683,0.5311742665128601,1.4081713279335146,-0.46475585439864636,-0.3221007793889394,-0.20083577029871164,1.4222362272608489,-1.0031674048690744,-0.1863668727963403,2.0886985192615697,0.08433793453699949,-0.6905707711528071,-0.08050495487964114,0.7194913612621233,0.4873125700691322,0.4770613494737111,1.1478946293351924,-0.8898707022553397,1.07271267669203,0.0427635247472653,-0.7613942944088925,-0.7064601687146379,-0.8703443436694964
17,0.8203031502408745,-2.6664772456567283,-0.8700172160638703,1.4907442180276196,0.6408679243902519,-0.00045459510242876867,-1.3484107148611064,0.28715885770691285,-0.7993458112754558,-0.1561137062262355,-0.2722018306300608,1.1032516469786344,0.32175551700214977,-1.0169403217508564,-1.7407904638821938,-1.0064110287167825,-0.20050265566219683,0.0,1.301675729739671,-0.9959814447519676,0.6256402039319842,1.1640234803870149,-0.5437324931384213,-0.916104505537379,0.8679088494954758,0.9276477995730279,0.1419545484499706,0.9032328073703852,-0.30008954499727564,-1.6272685889799752,-0.9535784769198635,-0.430345777522923,0.39027065832431235,-0.3025865985131423,-0.6436885873813867,1.2906286054971143,0.12564636622181719,0.45663083258749926,-0.831731014384878,-0.8267549289160774
18,0.3161878938885232,0.34595529037928613,0.14166321762033562,1.1251273521578078,-2.1646524727427368,0.743327532800214,-0.37647918136465147,0.5855603490922122,0.9141579510015342,0.016498727276614323,0.20153855447876431,-0.14035327030979916,0.6048060575182224,1.2085085086213796,1.2026341185869127,-1.6305368738665695,0.5311742665128601,1.301675729739671,0.0,2.5083911376934913,1.8691623365419514,0.3246937379925794,-0.3336201676743255,0.19302853138730158,0.2859471694341594,0.8892951739271951,0.01283370955356031,-0.6072215660953881,1.2878688081056828,2.127968757201692,0.716357386235742,-0.9811963608114647,-0.18673976096103206,-0.1593770627812975,0.21629598162679559,0.293385363434623,-0.6189074668194776,1.8895634385380795,1.440848521021255,0.3391529050434566
19,-0.7312612226843936,0.14586521281384945,1.4298160036549703,-0.23918507038646014,0.35279235555034255,-1.7066868437087825,-0.8766079651489364,0.6924285691692578,-0.5774565166172508,0.9247354740616761,-1.1598322507398657,0.2941948499204438,1.392422924064392,0.8169893787262151,-1.7831306922324495,0.7030023244609219,1.4081713279335146,-0.9959814447519676,2.5083911376934913,0.0,-0.7817831586610503,1.000572775176451,2.4615685036359136,1.0493107237428838,-0.3063122050515363,0.8614459208235667,0.13265951025420683,-0.1424373248712062,-0.39684582056473927,0.8591857757952863,0.06959680191403166,1.5220577223833716,-0.9123152763245632,2.6550664617216015,-0.05527813770004983,0.5500191937082058,-0.31509978260577354,0.03980086007737732,-0.9525369350851545,-0.7151935670901878
20,0.28780791215675083,-0.139417180901963,0.08924081248829321,-0.20274070624281937,-0.256577847352047,0.05114211271276582,0.44998511124075097,0.5698160553748499,-1.2376919978770162,-0.5992899487545218,-0.2731746028304324,-0.017559422103791692,-0.32158909239399347,-0.7257644085115367,-0.16313989135725807,0.8280992230340729,-0.46475585439864636,0.6256402039319842,1.8691623365419514,-0.7817831586610503,0.0,0.6808871386537315,-0.35983803078849935,0.6667129294185837,0.8996640035858308,-0.2070490356124388,-0.5616523550967372,-1.2030228264962157,1.1646677039304576,1.353478696273458,0.652692656424502,0.5455216981586449,-1.4124203690589374,-0.2775099247780154,-3.2689784638490633,-1.916276553524352,-1.3063946408383258,-1.1999062770446156,-1.5398186898425705,0.7995232223239873
21,0.6938372942113902,1.018307014944245,1.103211229283765,-1.042014599284216,2.0850915924513402,0.7103155760711821,0.4285737033568345,-1.015693540572406,0.12470017849082966,0.917876881611985,-1.1607940185992212,0.42618693253166007,-0.10395444401236248,-1.0583700444073103,1.3289636827110531,0.3713463876661257,-0.3221007793889394,1.1640234803870149,0.3246937379925794,1.000572775176451,0.6808871386537315,0.0,-0.08226143999851605,0.046216759450084924,-1.044033421742188,-0.9920632728302158,-0.09938780761551444,-0.9382635857350796,-0.36444295945547595,0.5127352634857787,0.15751549896592715,-0.7483521629837444,-0.9170354963565874,-0.19707835772415783,-0.028897015001993362,-1.6461579891822644,-0.2288073933950781,1.0015471781892078,-1.243851253376815,1.156636380364573
22,-0.8855440410493861,0.15303039250274372,0.07186701821173025,-0.12121319792874218,-0.4449934801765372,0.6807940030414066,-1.6292726632939794,-0.30935032344323654,-0.796566080032969,0.492037703297002,2.581442324977358,-1.3704105528078083,-1.4746414610583825,-0.3614519598877399,-1.1912169105763593,0.08360107813341477,-0.20083577029871164,-0.5437324931384213,-0.3336201676743255,2.4615685036359136,-0.35983803078849935,-0.08226143999851605,0.0,0.40096984637239036,0.28828008899590457,-2.176859977960774,0.09326972066853369,0.24361980933587804,1.0620174271763176,1.4627140500328566,0.47512932739695,-1.3100263303975368,0.0003875231135287133,1.714453744604865,0.7110609693600333,1.577288296646196,0.3490454879683169,0.5433852658947717,1.767548332483888,-1.0500214885151329
23,0.9919641140783436,0.5913840608707026,-0.8430479328123347,0.6886175111994101,-0.333898903208557,0.12175674671784645,0.2338364866833055,0.3514333661441836,0.4940257745055966,-1.253697503695636,-0.372208506317575,-0.35968311302238604,-0.2628014227343025,-0.36446429300194066,0.23693796082271903,1.0244794141970508,1.4222362272608489,-0.916104505537379,0.19302853138730158,1.0493107237428838,0.6667129294185837,0.046216759450084924,0.40096984637239036,0.0,2.246033387115094,1.0757467249987736,0.11120878293790622,-0.11234719207427375,0.6865098591891814,-0.44532913079315883,1.2787493248041275,-0.8725254921384694,1.4055912419419565,0.6311851332680684,-0.035584624530397395,-0.4550418537612715,-1.2040357363450376,1.0410740494099062,-0.9202921708941424,0.47956736289693325
24,0.7569590995943698,0.2242975858901434,-0.08909289469568743,0.9831305435616391,1.0745182998785348,0.26198636723729596,-1.8180766825187091,1.4822301605887946,-0.6352362221197073,0.1694715059802645,0.052716313637978775,-0.10707638469559654,-1.5853935581278096,-1.789806896119929,1.3222267729826973,-1.612352284464461,-1.0031674048690744,0.8679088494954758,0.2859471694341594,-0.3063122050515363,0.8996640035858308,-1.044033421742188,0.28828008899590457,2.246033387115094,0.0,-0.13100102740215366,-1.5906165333416646,-0.7285984174286121,-0.014669727644583845,-0.14166620482209452,0.034403657468660906,-0.2595172469296613,0.49299211367841284,-0.7765941956159281,0.0446744218051107,-1.9345962586408452,1.2128318997803247,-0.2854309472690973,1.0341142473554499,0.245298593938555
25,-1.7978143611375306,1.2372247764544986,0.14922897495521484,-1.4824754768660047,0.13540429832612572,1.119111606237561,0.6995477229344403,0.47696239660748296,2.1278047001823746,-0.34274745495542625,0.9654791232945237,0.20763315858383433,-1.7401563275350478,-0.7831503058509477,0.5271984478529962,-0.5510537702954856,-0.1863668727963403,0.9276477995730279,0.8892951739271951,0.8614459208235667,-0.2070490356124388,-0.9920632728302158,-2.176859977960774,1.0757467249987736,-0.13100102740215366,0.0,1.1662399600586049,0.7316787396691278,-0.409719193576946,1.2943242255603673,0.9820382606728969,1.453217084270479,0.30031993052414874,0.7131212227233524,2.27181127235957,-0.5809499265237072,0.7360301700197998,-0.3177529654530499,-0.055735164916729245,-1.189686938816426
26,-0.26139541156415913,0.16334678878236697,0.5847719548114646,1.2317102715612078,2.1605932690925673,-0.4546582948989579,1.6336921639639344,-1.9978571710078525,-1.8298603421408297,-0.8329588589109109,1.1698546500388356,-0.36509369538855146,0.6649960247818293,0.18860455752529595,-0.4590847060661813,-0.08349031488389831,2.0886985192615697,0.1419545484499706,0.01283370955356031,0.13265951025420683,-0.5616523550967372,-0.09938780761551444,0.09326972066853369,0.11120878293790622,-1.5906165333416646,1.1662399600586049,0.0,0.5883558457842849,1.4368383976659744,0.18139455268665416,1.9583386966233183,0.6395144434381655,-0.37617771226200725,-1.5452794152549985,-0.6734969806128903,0.340895472860202,0.7949680536149438,-0.014067239865507697,0.02746277276271537,-0.2547673079900769
27,-1.6591985742060116,-1.4143853171277023,0.11133641888662976,1.0106855956086072,-0.2203631177429708,-0.12785998372097349,0.11754933688753838,1.1750515532952204,0.4829861389653131,1.2802589422848927,0.221292643335645,1.0711876279636525,-0.5042367260737505,-0.3074620367638759,0.6634856772052623,0.8194974071000145,0.08433793453699949,0.9032328073703852,-0.6072215660953881,-0.1424373248712062,-1.2030228264962157,-0.9382635857350796,0.24361980933587804,-0.11234719207427375,-0.7285984174286121,0.7316787396691278,0.5883558457842849,0.0,-3.3535366749745372,1.283739418942712,-2.087848364395675,0.8612296348342942,-0.3357483843047541,-1.5131123950695264,0.07959604895143248,-0.08441124101972526,1.5831712445440498,0.914608292314197,-1.826669266503897,-1.4250008054761363
28,1.8434334426486478,0.049647745253464284,0.24032734292863314,1.2277976422005548,0.9037594323275107,-0.5839017013197212,1.6039881911803457,-0.21647320768913558,0.5376633741442227,1.3026403184174737,-0.33161034124899397,0.051346451975509674,-0.9705058772954223,-1.1929574741947493,0.2926174402560658,-0.6425777414499526,-0.6905707711528071,-0.30008954499727564,1.2878688081056828,-0.39684582056473927,1.1646677039304576,-0.36444295945547595,1.0620174271763176,0.6865098591891814,-0.014669727644583845,-0.409719193576946,1.4368383976659744,-3.3535366749745372,0.0,-0.3010176830797858,-1.6154919583612204,1.234804875938116,-0.7262491546725159,0.13482892108078026,0.1956610699511797,0.49070081754288974,-0.25032776635677756,1.3337145313272467,0.7300297758624074,2.599045849722029
29,0.37669610834982126,-0.13621150606994933,1.1765356146775505,0.031872168293264974,-0.669345213265971,0.1316498820465408,0.027915926173614523,-0.652878825833526,-0.08656009682948297,1.4495788202158226,-0.005688224548451884,0.46584387877232575,-1.0345997443356398,-0.09379220504687885,-0.5527212054840349,0.030786823757053397,-0.08050495487964114,-1.6272685889799752,2.127968757201692,0.8591857757952863,1.353478696273458,0.5127352634857787,1.4627140500328566,-0.44532913079315883,-0.14166620482209452,1.2943242255603673,0.18139455268665416,1.283739418942712,-0.3010176830797858,0.0,1.0911406381723128,-0.6890143837839069,-0.10355659989582808,-0.20983849459325035,0.6530792085513867,-1.114250695916715,-0.7877747067659849,1.8939701836606289,0.8933127830544096,0.5145952366707659
30,-0.24259030289796282,1.263785348177111,0.3216316855900814,-0.36434875280423706,0.22058171942406354,-0.3217746754315486,0.3195949025648146,-0.5814128152258841,0.23245721195530628,-0.12782017624980269,-0.23666512845631626,0.7894270749895551,-1.9155914527077784,-1.0255630437721877,1.5320469029569224,0.2513646796500298,0.7194913612621233,-0.9535784769198635,0.716357386235742,0.06959680191403166,0.652692656424502,0.15751549896592715,0.47512932739695,1.2787493248041275,0.034403657468660906,0.9820382606728969,1.9583386966233183,-2.087848364395675,-1.6154919583612204,1.0911406381723128,0.0,0.03655487992563414,1.5565693860482894,-0.7304292122979035,0.6620740962250607,-0.956816729229309,0.07369041849247972,-0.8979087583430152,0.36921453468547755,1.2067304005646706
31,0.12778899017729065,0.5974419898813296,1.1185314618698414,-0.02462981868919388,0.3209667597418481,-1.2215950658308357,-0.05327818306730178,1.5025800945737624,0.9377091266264366,-0.368917851466623,0.6968382524124218,-1.380646390638041,0.6473383561305078,-1.5921343015726523,-0.2508210598929594,-0.5447735544723604,0.4873125700691322,-0.430345777522923,-0.9811963608114647,1.5220577223833716,0.5455216981586449,-0.7483521629837444,-1.3100263303975368,-0.8725254921384694,-0.2595172469296613,1.453217084270479,0.6395144434381655,0.8612296348342942,1.234804875938116,-0.6890143837839069,0.03655487992563414,0.0,0.8177223401594054,-0.18764170865249802,1.3447155306804273,-1.3247867569147074,0.5615851086891986,-0.37541115015675725,0.7628262472038135,-0.5360054109297825
32,0.33809514844082766,1.486159316293148,-0.4658200150699582,-1.152911220523812,1.615168136507356,-0.09395721507972683,0.46728226173064735,-0.06525385737979882,-0.960791639383642,-0.5901200956721814,0.3825034783483212,-0.23649228548620105,-1.339069635104925,0.5403297216060454,-1.160576838161233,2.9451813973867056,0.4770613494737111,0.39027065832431235,-0.18673976096103206,-0.9123152763245632,-1.4124203690589374,-0.9170354963565874,0.0003875231135287133,1.4055912419419565,0.49299211367841284,0.30031993052414874,-0.37617771226200725,-0.3357483843047541,-0.7262491546725159,-0.10355659989582808,1.5565693860482894,0.8177223401594054,0.0,0.7718390605911102,-1.6250783769802868,1.7058252310127466,-0.10717862561765687,0.3109434591331785,1.4634276843404705,-0.42793192198409796
33,1.118284480360234,-1.7156101459585331,-0.5046736252293145,0.14158219670281394,-0.008780894413113005,0.2891311492661669,-0.11039294792330258,-0.7831156099571152,-0.6446330203530616,-0.1349222524800156,0.6722103862823601,0.4622244452328902,-0.6591746539446335,-0.21460789893596138,-1.1118322494436892,-0.3913776579850928,1.1478946293351924,-0.3025865985131423,-0.1593770627812975,2.6550664617216015,-0.2775099247780154,-0.19707835772415783,1.714453744604865,0.6311851332680684,-0.7765941956159281,0.7131212227233524,-1.5452794152549985,-1.5131123950695264,0.13482892108078026,-0.20983849459325035,-0.7304292122979035,-0.18764170865249802,0.7718390605911102,0.0,-0.21357827983539948,1.679835781304253,-0.301383178333948,-0.028091739793106207,-0.794866219844284,0.10803322489870563
34,-0.1062568546979189,-0.8074763659686999,1.2354860982531783,1.5977278440704379,0.4254626019161421,0.500824259927053,0.8213269498457427,1.5426327933028423,0.17132531021926278,-0.9132766360205419,-0.3198194246900116,-0.5182851878464683,-2.0253617092842884,-2.064177102460094,0.2351431786141601,-0.9898361894349391,-0.8898707022553397,-0.6436885873813867,0.21629598162679559,-0.05527813770004983,-3.2689784638490633,-0.028897015001993362,0.7110609693600333,-0.035584624530397395,0.0446744218051107,2.27181127235957,-0.6734969806128903,0.07959604895143248,0.1956610699511797,0.6530792085513867,0.6620740962250607,1.3447155306804273,-1.6250783769802868,-0.21357827983539948,0.0,-0.6989093282133662,0.4702513200734253,0.09908633477242701,-0.37586647953333613,0.35279765679743846
35,-0.4347358925574697,-0.3835086866327217,1.1890210418872174,0.6506993853292077,-0.0585129555722758,-0.2608187148946614,-0.4335390886582726,-0.41090854126264487,0.856773812339593,-1.2861611902050842,1.0007730436406872,-0.44970344377135113,1.5527832018383998,-0.014446334492959295,-0.7151517693944435,-0.6193628942024303,1.07271267669203,1.2906286054971143,0.293385363434623,0.5500191937082058,-1.916276553524352,-1.6461579891822644,1.577288296646196,-0.4550418537612715,-1.9345962586408452,-0.5809499265237072,0.340895472860202,-0.08441124101972526,0.49070081754288974,-1.114250695916715,-0.956816729229309,-1.3247867569147074,1.7058252310127466,1.679835781304253,-0.6989093282133662,0.0,-1.37856832006321,-0.7297606801511911,-0.8024664294339074,0.6972133955791521
36,0.29856871205600505,1.0823965781746734,-1.668008120689678,0.602885915197377,1.5922269909199303,0.11924151534759389,0.2523993592505929,-0.9468146006788498,-1.1254746629112666,1.4395876685326563,0.2580253787265053,-1.4089056776968263,-0.7071502355625927,-1.1461163507197405,-0.5112766534248648,-0.8610579446098846,0.0427635247472653,0.12564636622181719,-0.6189074668194776,-0.31509978260577354,-1.3063946408383258,-0.2288073933950781,0.3490454879683169,-1.2040357363450376,1.2128318997803247,0.7360301700197998,0.7949680536149438,1.5831712445440498,-0.25032776635677756,-0.7877747067659849,0.07369041849247972,0.5615851086891986,-0.10717862561765687,-0.301383178333948,0.4702513200734253,-1.37856832006321,0.0,-0.3405148606501308,0.15132143625096856,0.6525390648457908
37,-0.7947270657165078,-0.46359477176881175,0.4018236976356678,-1.0771203479159872,0.03593965161673117,-0.7786565578956527,0.3445119481656311,-1.4445119915485334,0.48433062137945276,0.8175729397650809,1.2399342708369634,0.1304992014407487,1.2742385057035563,-0.07233790874024801,-0.20180329404419517,-0.5891349729304263,-0.7613942944088925,0.45663083258749926,1.8895634385380795,0.03980086007737732,-1.1999062770446156,1.0015471781892078,0.5433852658947717,1.0410740494099062,-0.2854309472690973,-0.3177529654530499,-0.014067239865507697,0.914608292314197,1.3337145313272467,1.8939701836606289,-0.8979087583430152,-0.37541115015675725,0.3109434591331785,-0.028091739793106207,0.09908633477242701,-0.7297606801511911,-0.3405148606501308,0.0,0.7238180277100739,-1.5470760071578062
38,0.4913590266142979,-1.2726669249269953,-0.38053628552091,0.6886089958671506,-1.0822521119379256,-0.5660914676900759,-1.526271660646038,1.2483121689998091,1.0513649157333405,1.2815933569012508,1.6060394200351953,0.6947853847485259,-0.6914273198585114,-2.766539331191166,0.36162878745498417,-0.4382284029444988,-0.7064601687146379,-0.831731014384878,1.440848521021255,-0.9525369350851545,-1.5398186898425705,-1.243851253376815,1.767548332483888,-0.9202921708941424,1.0341142473554499,-0.055735164916729245,0.02746277276271537,-1.826669266503897,0.7300297758624074,0.8933127830544096,0.36921453468547755,0.7628262472038135,1.4634276843404705,-0.794866219844284,-0.37586647953333613,-0.8024664294339074,0.15132143625096856,0.7238180277100739,0.0,0.3273392494825829
39,1.408264136947507,-0.49799069107989347,-0.6223628892007687,1.3094459316533218,-0.4952106195899727,-0.34212596658011524,-0.6110576212294888,-0.8220846359812287,1.0466193765398024,-1.4269404953919143,0.008874418779126043,-0.5287914346122567,1.251263505180514,1.949843903930037,-0.22199029783512064,1.3625685659086757,-0.8703443436694964,-0.8267549289160774,0.3391529050434566,-0.7151935670901878,0.7995232223239873,1.156636380364573,-1.0500214885151329,0.47956736289693325,0.245298593938555,-1.189686938816426,-0.2547673079900769,-1.4250008054761363,2.599045849722029,0.5145952366707659,1.2067304005646706,-0.5360054109297825,-0.42793192198409796,0.10803322489870563,0.35279765679743846,0.6972133955791521,0.6525390648457908,-1.5470760071578062,0.3273392494825829,0.0
