,0,1,2,3,4,5,6,7,8,9,10,11,12,13,14,15,16,17,18,19,20,21,22,23,24,25,26,27,28,29,30,31,32,33,34,35,36,37,38,39
0,0.0,-0.2540350371741049,2.0767187897835253,0.4465103935508192,1.1630421162423283,0.2165415371331166,-0.38724819262316185,-1.8225948594580625,-1.0975205342085932,0.09463248899042959,-0.44175640484056894,-0.8751433260816797,-0.508341865086858,-0.3567440695302405,0.05651574436652516,1.1931263249212023,1.8610714834483726,-0.14413886700071654,0.8213571665817023,1.0971446499099047,-0.5547956341484819,-0.15978306528987446,-1.098150229515091,-1.136878142764462,-0.6221631515733123,-0.411698022364284,0.6460157636029772,-0.21433894648721535,1.2514406357428263,1.062758368316679,-0.34202364850692657,-0.9647781161203411,0.32361441659890416,-0.14371694106611224,0.8148936171064521,-0.6783467424239726,0.6439729002153518,-2.029971228788141,0.747856508532663,1.252204201683912
1,-0.2540350371741049,0.0,0.7187657206992087,-1.4508916238368335,0.638851109935085,-0.8612903822460519,1.1245415498750537,-1.0386155831633583,0.20381854181191864,-0.2038708442799463,-1.7756950348617713,0.17800088275304898,-1.7092080143808352,-0.20758178295449084,0.7912027372564626,-2.469891414489917,0.014061589722532025,2.6193649249907964,-0.8058563142040848,-1.067841960513383,1.7270108295054662,-0.8561320820816989,0.634275533111536,1.602858387457549,-2.2672410278926587,-0.9688261835782978,-0.29892322385326636,0.19928743796066256,0.3612085575750984,-0.8086807955083561,1.4444216105469927,-1.216110423922587,-1.0675656878458049,-0.9079187468333898,-1.156416983880051,-0.23686566883421836,-0.47443758640907985,-1.4354152492589978,-0.3922320873898983,2.671737027638695
2,2.0767187897835253,0.7187657206992087,0.0,0.338626330142039,0.27285132691012076,-1.3253018406529733,0.14130376089558686,-1.2912752624174972,-0.31929301278948413,0.14271311996303382,1.2679548650567178,-0.84703821670809,0.5733693902950319,0.7658807881764375,0.2183583215573507,0.5108517379553417,-0.6178400902919913,-0.933911219080657,0.859299566573695,-0.41297957184229733,0.38295001127522355,0.522386315167457,0.12363893728131747,-0.6584750011249899,-0.015271505981674614,0.562210085440658,0.21913830765013548,0.7248321583279921,-0.2782438978951561,-1.070092891453671,0.8070829074023171,-1.116405418626973,1.043628473427956,-0.13626338286360754,0.6443889297353661,0.41534848197759544,0.885190856003131,-0.3196106748895248,-0.27537433497183406,1.0026751899803457
3,0.4465103935508192,-1.4508916238368335,0.338626330142039,0.0,0.46014575735875296,-0.713580465274538,1.3241283306964808,0.8064687047330343,1.5718587890891036,0.7795867150846112,1.765958398736558,-0.46437024406431604,-0.4472622080433227,0.0013472389268822007,-0.6286535112618964,-0.7060111974171174,1.2668137312424705,0.08715123333088755,0.4440487939033435,-0.36846329511632653,-0.972634734640317,-0.6039638913612344,-0.6072165572719495,-0.8367605869555117,-0.7628409806896866,0.5643832085348266,-0.9451861831049261,-1.0844835899872696,1.4329107883890024,-0.05960119077073579,0.7430321931402353,0.2968143962430045,-1.1645902083756285,0.3863645401973112,-2.2474912609079083,-0.5600733572013396,1.4496021502689975,0.3731142520247958,1.6214739558783384,1.4504421818292805
4,1.1630421162423283,0.638851109935085,0.27285132691012076,0.46014575735875296,0.0,-0.609816439123915,0.8671620793119584,-2.0255246030874563,0.11762551815664131,0.08134428557830911,2.118362438534255,1.0006494305400093,-0.8385395490532523,-1.471729617028263,1.6813113647964382,-2.92044211143435,1.7768340619587504,-0.2078315505215083,0.141896330093048,2.02044143340062,0.1498302598551276,-0.30620877101839433,0.696486400161377,-0.15368920937895744,-1.2136997905068496,-1.245342658324874,-0.48326179948568604,0.3515771185262151,-0.7961484010104943,-0.07562737191422104,1.4223551845120281,1.3817891708451155,-1.0948813905996064,-0.06026680917045834,-0.9710179919833152,-0.6215328279948882,2.782885413984231,1.4312720446890066,-0.5694152981205156,-1.0899097266678006
5,0.2165415371331166,-0.8612903822460519,-1.3253018406529733,-0.713580465274538,-0.609816439123915,0.0,0.25752592722297113,-1.2438796189428798,-1.027856215405838,0.44584863707474126,0.6770810570424504,0.8390913533956086,2.028945841823285,1.4801573066533569,-0.5252222241480181,-1.489683252496328,-1.6557258480545014,-0.31335049691255706,0.9307584277022359,0.14733274081853362,1.2851114820837737,1.7425506660018086,1.073996848672394,-0.4390108709557465,-0.939468998025757,-0.18467520039667681,-0.09103521986209206,-1.2129968928903747,1.531019361191853,0.09336685934095293,-0.1006218177778371,-1.0824447658133232,0.05378998338232268,-0.6790951252454538,0.7369489804974292,-0.627753045824329,-0.24713583014935403,-1.643380632653214,0.6808057332543033,2.5331651288211177
6,-0.38724819262316185,1.1245415498750537,0.14130376089558686,1.3241283306964808,0.8671620793119584,0.25752592722297113,0.0,1.2908853936336073,1.2749858383058492,0.24012382951309685,-1.492854916007468,-1.1069411201122492,-0.002609424712097231,-1.170469942234945,-1.030448343739753,0.6979155528563904,-1.2331745789116941,-1.3551358704638221,1.7080582715097368,-0.23529219668537157,0.6552506005895383,-0.1385923170378268,-0.6629141039982329,0.05116235303238587,1.6713631730730898,-0.16819739528433417,-1.8552024646483345,0.7453883850154286,-0.7728767038537466,0.14437567392424158,0.13279616646718878,-1.1301265041164916,0.0475779361728992,-0.35326984942918915,-1.0500132604411296,0.7646286484680422,-0.7318244044045987,-0.29469484431541687,0.03171885492918819,-0.3278243755242318
7,-1.8225948594580625,-1.0386155831633583,-1.2912752624174972,0.8064687047330343,-2.0255246030874563,-1.2438796189428798,1.2908853936336073,0.0,0.5048971950001415,1.6511409720037524,-0.8498993482722603,-1.3417764860857564,1.510163433066494,0.309491807377185,-0.7824944033610458,-0.7004656342554995,0.46609628893705707,-0.919201754303911,1.457714495338597,-0.0906227623334233,-0.3235597502427456,1.033697756079827,-0.5436624873168178,0.0211405261935087,0.27473895495914663,0.2583030623974799,-1.806175435518717,0.5763993354287016,-1.7842441382702714,0.41169417446836565,-1.1552267533573535,-1.48370670054465,-0.8562264268358343,0.7542724900442075,1.27570287023417,0.6299149346701941,-1.4141518604233374,-1.411531922910047,-0.12288013765617065,-0.4588406800152128
8,-1.0975205342085932,0.20381854181191864,-0.31929301278948413,1.5718587890891036,0.11762551815664131,-1.027856215405838,1.2749858383058492,0.5048971950001415,0.0,0.7211547701796358,-0.9238012836103298,-0.033697852479074905,1.0088833711848322,-1.705522278586103,-0.44832345561057974,-0.10755214125092855,0.734649815488922,0.5447774279095218,-1.2238834921367288,-0.04691140055562619,-0.19668276881693825,-1.1282203472175278,-1.16947057054031,-0.44733769645507926,0.7883987354181793,-0.4259078292745025,-1.3210851489696986,-0.12000482472337892,0.3114016631557001,0.6161084117922455,0.8233220961533695,0.538752360417438,1.1512989042618629,-0.39837670956809595,-1.8347701031985053,-0.24396165605577916,-0.08744031734925828,1.3345878934397963,-0.07169232029287043,-2.312427541048575
9,0.09463248899042959,-0.2038708442799463,0.14271311996303382,0.7795867150846112,0.08134428557830911,0.44584863707474126,0.24012382951309685,1.6511409720037524,0.7211547701796358,0.0,-0.8626847448427107,0.7726500572923873,0.016669763613991178,0.18312072049314684,-0.6713521258859267,-0.2496006427981207,-1.635898346673039,-0.40526065931424426,-0.15374053060519857,0.29671246782283067,-0.9375007294923539,-1.0722506275314994,0.08625845736827424,1.763074550872064,0.8134487633873446,1.4507712752268063,-0.6600630874070803,-1.409849948686422,0.21995714979653352,-1.0705909944912595,-1.1040264513348002,0.07469893108230356,0.690225201961921,0.5817815610550848,0.6142950474336737,-0.07664534646568096,0.1664748849287917,0.06566401235607773,-0.9039018729790115,1.214174848010366
10,-0.44175640484056894,-1.7756950348617713,1.2679548650567178,1.765958398736558,2.118362438534255,0.6770810570424504,-1.492854916007468,-0.8498993482722603,-0.9238012836103298,-0.8626847448427107,0.0,-1.8491909050445556,1.5082119316985927,-0.3373769768300912,1.2936166279965726,-0.9286744426004303,-2.023949557314814,0.5560421489575453,0.42833023010120397,0.7660332399973685,-0.7379361103058211,0.4667510103631061,-1.3890220977632937,-0.5633838384796845,-0.2962017272968518,-1.6734149695842706,-1.213915098863217,1.1030128445368057,1.0961683484770994,-0.868971487630712,-0.009708553322821905,-1.8102485633735463,-1.2570386848011408,0.5086783603442476,-0.4617361001631698,-0.8818589352407913,0.5246936554085161,-1.641036826116627,0.5939063409112134,-0.28870545549505494
11,-0.8751433260816797,0.17800088275304898,-0.84703821670809,-0.46437024406431604,1.0006494305400093,0.8390913533956086,-1.1069411201122492,-1.3417764860857564,-0.033697852479074905,0.7726500572923873,-1.8491909050445556,0.0,0.7874922738458924,-0.04648400762827638,0.9761436694287972,-2.7234198123625086,0.6132187334103303,-0.06707860014376031,1.2464916593549817,-1.3924045149783195,-0.4052606039324576,1.876352341981174,0.7240747468367833,0.17106252602052832,0.6081575852915242,-1.2079549966752312,0.2852614931852226,-0.7098786580198021,-0.34222651552866495,1.5516756118117887,0.7902727588727763,-0.33108090503839094,-0.5177748235186648,0.225483147551309,0.30914894788783176,-0.0489369687872296,-0.33211670452318803,0.44364025787052347,-0.099884277289445,0.10511653335221337
12,-0.508341865086858,-1.7092080143808352,0.5733693902950319,-0.4472622080433227,-0.8385395490532523,2.028945841823285,-0.002609424712097231,1.510163433066494,1.0088833711848322,0.016669763613991178,1.5082119316985927,0.7874922738458924,0.0,0.8078752091043478,1.152296087039071,-0.5419856041846213,-0.3453632982205532,-0.41867853735594346,0.44006570156097347,-1.4660402323192656,-1.4184459080345104,-0.8498546564757986,-0.7250105362213565,2.493813920336727,2.1422142179112997,1.9002453282971332,-0.29084701646041394,0.8021433867839063,0.6676886763583294,0.42861787667632967,-1.5168018593206503,0.5072041029001183,-0.6509694890554969,0.6170053256895173,-0.6195408220010568,0.624172312871587,2.0917437438423683,0.3283447977707967,-1.5409685853927608,1.4780369079685884
13,-0.3567440695302405,-0.20758178295449084,0.7658807881764375,0.0013472389268822007,-1.471729617028263,1.4801573066533569,-1.170469942234945,0.309491807377185,-1.705522278586103,0.18312072049314684,-0.3373769768300912,-0.04648400762827638,0.8078752091043478,0.0,-1.3123925962753982,-0.4484316147175002,-1.1219418200973947,-0.2612859182597196,0.8465662105541404,-0.7861937138604153,0.6045712297272104,2.0945040824816514,0.06243484857354845,-0.39150683997474384,-0.6222489063223903,-1.130167887328497,-0.266451814117248,-1.446362867381372,0.0037418237012137924,0.0020399795269583037,-0.4819682076929198,1.081760554974134,-0.3359928816853993,0.41098514760580396,0.36037329799960266,1.7518928079403588,-1.7698870117857344,0.07534037189092344,0.9013444666733068,-1.265087154278481
14,0.05651574436652516,0.7912027372564626,0.2183583215573507,-0.6286535112618964,1.6813113647964382,-0.5252222241480181,-1.030448343739753,-0.7824944033610458,-0.44832345561057974,-0.6713521258859267,1.2936166279965726,0.9761436694287972,1.152296087039071,-1.3123925962753982,0.0,-0.35210528792531803,0.18331168848667975,-0.707413749999995,0.17062067782305712,3.623972292427961,1.0559524847200714,-1.4073432393419407,1.0222539116700824,-0.4189973174135036,-0.40074838605015756,0.008144991181135463,-0.4208967023831908,0.48082247374200365,-2.051304663921377,-0.10036442983373746,0.1056820600285016,-1.3402325587737869,-0.3258755491834564,-1.6506408948193165,1.408496381360139,-0.6920745944409327,-0.9178739638235556,1.367048622315266,-0.07608613253380815,-0.37560629638723064
15,1.1931263249212023,-2.469891414489917,0.5108517379553417,-0.7060111974171174,-2.92044211143435,-1.489683252496328,0.6979155528563904,-0.7004656342554995,-0.10755214125092855,-0.2496006427981207,-0.9286744426004303,-2.7234198123625086,-0.5419856041846213,-0.4484316147175002,-0.35210528792531803,0.0,0.29894807892666936,-0.38343859664905733,-0.17619845652186317,0.05691516568693792,-0.8364862162990968,-1.092393974199918,-0.4347596326450005,-0.16306586534198272,0.34271857257640664,0.07182443824208609,0.4849497296570853,-0.9149924778662735,1.2481670483798584,-0.20310548866766975,1.0688462012555526,-2.1688739990336305,-0.19868870355419394,-0.9196148640511144,0.2648302003337788,-0.5643218730334246,0.5538376171689167,-0.01151737112967594,-0.8038322886676043,-0.060657363807616764
16,1.8610714834483726,0.014061589722532025,-0.6178400902919913,1.2668137312424705,1.7768340619587504,-1.6557258480545014,-1.2331745789116941,0.46609628893705707,0.734649815488922,-1.635898346673039,-2.023949557314814,0.6132187334103303,-0.3453632982205532,-1.1219418200973947,0.18331168848667975,0.29894807892666936,0.0,2.068433955911552,0.2454268919572982,0.3499876105170057,-0.6242020850802894,-1.6657552595738527,1.4478463216532982,-1.0205903587521554,-0.16072507866916244,-0.9883758215000739,-0.9568551594766758,-1.0505244913819312,-0.006635229287743922,1.6887739485939692,-0.4105468026287001,-1.422520593595595,0.08381514329552836,0.5258228753904965,-1.370785031144031,-0.9319315594206988,0.045978098678655,0.8287902232606851,0.7948479746594558,-1.0435863011463105
17,-0.14413886700071654,2.6193649249907964,-0.933911219080657,0.08715123333088755,-0.2078315505215083,-0.31335049691255706,-1.3551358704638221,-0.919201754303911,0.5447774279095218,-0.40526065931424426,0.5560421489575453,-0.06707860014376031,-0.41867853735594346,-0.2612859182597196,-0.707413749999995,-0.38343859664905733,2.068433955911552,0.0,-1.066743667163653,-0.5841258143774956,1.4383331956741918,0.5714841081499419,-2.0871510591706928,-0.8996842740562373,-0.42216231994813097,0.778452290562297,-0.6591787603729568,-0.434668100188069,0.1658309087074469,1.8848692600667067,1.1027720460277926,0.9571772175393034,1.4168492336084897,-0.07868387205703,-0.5735756656449149,0.23161009309985892,1.1772034120437154,-0.6343625986315505,-0.6339313180594682,-0.20097128491436575
18,0.8213571665817023,-0.8058563142040848,0.859299566573695,0.4440487939033435,0.141896330093048,0.9307584277022359,1.7080582715097368,1.457714495338597,-1.2238834921367288,-0.15374053060519857,0.42833023010120397,1.2464916593549817,0.44006570156097347,0.8465662105541404,0.17062067782305712,-0.17619845652186317,0.2454268919572982,-1.066743667163653,0.0,-1.7109126281391047,0.01493349201229162,0.2703083257276765,0.800689407304202,1.3112644272869767,0.7880239308046965,-1.1996074500915326,-1.4732686877547796,-0.45008037931482764,0.574148460700212,-1.7808262312077359,-2.7013041086943095,0.9845538687856122,0.31370636783850353,2.073070162342551,1.1653026319490536,-1.2616347118330287,-0.4957650759580473,-0.12760695525016438,-0.2815431456343295,-1.391577077230566
19,1.0971446499099047,-1.067841960513383,-0.41297957184229733,-0.36846329511632653,2.02044143340062,0.14733274081853362,-0.23529219668537157,-0.0906227623334233,-0.04691140055562619,0.29671246782283067,0.7660332399973685,-1.3924045149783195,-1.4660402323192656,-0.7861937138604153,3.623972292427961,0.05691516568693792,0.3499876105170057,-0.5841258143774956,-1.7109126281391047,0.0,1.3761123195253482,1.0899062703988027,-1.8354312011345189,0.5410893914672893,-0.2299237657157717,0.32161504170272004,0.2763986042238246,0.14486967925476085,0.04176777291693965,1.9247329694200899,-0.6095813054257051,-0.20294275096977862,-0.8318840132236124,0.3172105871470682,1.3832386219120258,1.3520394681466994,-1.278665246978828,-1.0456219162686529,1.251156466852473,0.1855742381067161
20,-0.5547956341484819,1.7270108295054662,0.38295001127522355,-0.972634734640317,0.1498302598551276,1.2851114820837737,0.6552506005895383,-0.3235597502427456,-0.19668276881693825,-0.9375007294923539,-0.7379361103058211,-0.4052606039324576,-1.4184459080345104,0.6045712297272104,1.0559524847200714,-0.8364862162990968,-0.6242020850802894,1.4383331956741918,0.01493349201229162,1.3761123195253482,0.0,0.18963931124457342,-1.3895039125010973,-1.0741397240318276,-0.16153732745472543,1.3224466422929164,0.6134076258023177,1.309103563888914,-0.8868100174539043,-1.0308173759036348,0.0249718386052595,0.6896647651804169,-1.0605854128990757,1.1365778995445281,0.42753462536255377,-0.7520751090736457,-0.8503490559866277,-0.7584951778789696,-1.5922316495129711,-0.832785118894343
21,-0.15978306528987446,-0.8561320820816989,0.522386315167457,-0.6039638913612344,-0.30620877101839433,1.7425506660018086,-0.1385923170378268,1.033697756079827,-1.1282203472175278,-1.0722506275314994,0.4667510103631061,1.876352341981174,-0.8498546564757986,2.0945040824816514,-1.4073432393419407,-1.092393974199918,-1.6657552595738527,0.5714841081499419,0.2703083257276765,1.0899062703988027,0.18963931124457342,0.0,0.23664345688142668,0.9016051760660542,0.8627000905541187,-1.099781898758775,1.1682133040319571,0.31015814132241026,-1.3361296405719176,1.2395038801116613,-0.174403972172654,0.8262344763472885,0.7432335734657638,-0.9464597566503969,-0.12140609443928435,0.47682510513869886,-0.9617879792855799,-1.1500435660270771,0.8040693354112303,0.03985048125291669
22,-1.098150229515091,0.634275533111536,0.12363893728131747,-0.6072165572719495,0.696486400161377,1.073996848672394,-0.6629141039982329,-0.5436624873168178,-1.16947057054031,0.08625845736827424,-1.3890220977632937,0.7240747468367833,-0.7250105362213565,0.06243484857354845,1.0222539116700824,-0.4347596326450005,1.4478463216532982,-2.0871510591706928,0.800689407304202,-1.8354312011345189,-1.3895039125010973,0.23664345688142668,0.0,-0.2853076314539598,-0.1970162696251379,-0.7716512863681487,0.7764426904519312,-1.1026713169444349,1.0020945376438473,-0.6337007963292495,0.7664457082450671,0.4176379353253583,0.12346628565262913,0.10533436262347269,-0.2813145969301744,0.5612295023220946,0.12409447961352409,1.0019881479711628,1.2773482396408637,0.09668922041811698
23,-1.136878142764462,1.602858387457549,-0.6584750011249899,-0.8367605869555117,-0.15368920937895744,-0.4390108709557465,0.05116235303238587,0.0211405261935087,-0.44733769645507926,1.763074550872064,-0.5633838384796845,0.17106252602052832,2.493813920336727,-0.39150683997474384,-0.4189973174135036,-0.16306586534198272,-1.0205903587521554,-0.8996842740562373,1.3112644272869767,0.5410893914672893,-1.0741397240318276,0.9016051760660542,-0.2853076314539598,0.0,-3.0685135033419493,0.3120757660888415,2.137006984935142,1.6081818992856383,0.3890320048021432,1.8232368781507249,0.35487136481280834,-1.1131966927722468,0.6541524834124122,-0.11268144506675591,1.6917707154308739,2.8352699127936054,0.7782077941119181,-0.7862784756211872,-1.8582602996780373,0.17076329309886185
24,-0.6221631515733123,-2.2672410278926587,-0.015271505981674614,-0.7628409806896866,-1.2136997905068496,-0.939468998025757,1.6713631730730898,0.27473895495914663,0.7883987354181793,0.8134487633873446,-0.2962017272968518,0.6081575852915242,2.1422142179112997,-0.6222489063223903,-0.40074838605015756,0.34271857257640664,-0.16072507866916244,-0.42216231994813097,0.7880239308046965,-0.2299237657157717,-0.16153732745472543,0.8627000905541187,-0.1970162696251379,-3.0685135033419493,0.0,1.3074224947717688,-0.4461832419410304,-0.06429872047419757,-0.3735541260133037,-0.676181878164454,-0.34283226631274877,0.8580019445418204,-1.1963018739408033,-0.7482878879763193,-2.0260077271344694,1.5040582107002172,-1.8566100198054374,0.8542787483495429,0.2864148203969671,0.6525819297171292
25,-0.411698022364284,-0.9688261835782978,0.562210085440658,0.5643832085348266,-1.245342658324874,-0.18467520039667681,-0.16819739528433417,0.2583030623974799,-0.4259078292745025,1.4507712752268063,-1.6734149695842706,-1.2079549966752312,1.9002453282971332,-1.130167887328497,0.008144991181135463,0.07182443824208609,-0.9883758215000739,0.778452290562297,-1.1996074500915326,0.32161504170272004,1.3224466422929164,-1.099781898758775,-0.7716512863681487,0.3120757660888415,1.3074224947717688,0.0,0.84564743512201,-0.9569011450701633,-0.20516287391311788,-0.7249775280583333,-0.589925312873273,0.7222772772297661,0.5432666066141335,-0.14203288549328175,0.2627719731851677,1.0750108704598098,0.48407640303652205,-0.25432746239047477,0.4107615086640455,1.1210513094217522
26,0.6460157636029772,-0.29892322385326636,0.21913830765013548,-0.9451861831049261,-0.48326179948568604,-0.09103521986209206,-1.8552024646483345,-1.806175435518717,-1.3210851489696986,-0.6600630874070803,-1.213915098863217,0.2852614931852226,-0.29084701646041394,-0.266451814117248,-0.4208967023831908,0.4849497296570853,-0.9568551594766758,-0.6591787603729568,-1.4732686877547796,0.2763986042238246,0.6134076258023177,1.1682133040319571,0.7764426904519312,2.137006984935142,-0.4461832419410304,0.84564743512201,0.0,-0.3968259156026523,-1.2609975956054753,0.7085682249272224,0.980435451940449,1.6791918718402556,1.1777872610110098,-0.7021553828916773,-2.705421828373516,0.5771241870501977,-0.6281464384682115,0.6935652487230446,-1.4616352295748973,1.0291731255897179
27,-0.21433894648721535,0.19928743796066256,0.7248321583279921,-1.0844835899872696,0.3515771185262151,-1.2129968928903747,0.7453883850154286,0.5763993354287016,-0.12000482472337892,-1.409849948686422,1.1030128445368057,-0.7098786580198021,0.8021433867839063,-1.446362867381372,0.48082247374200365,-0.9149924778662735,-1.0505244913819312,-0.434668100188069,-0.45008037931482764,0.14486967925476085,1.309103563888914,0.31015814132241026,-1.1026713169444349,1.6081818992856383,-0.06429872047419757,-0.9569011450701633,-0.3968259156026523,0.0,0.9466230370969758,-0.27885650358720615,-0.22515336179538212,0.4357609818730965,0.9662016929916204,0.3900123052359208,0.22657339246120278,1.2659339060531785,-0.36831441440437473,0.40091707095772183,-0.4434833082339324,-0.9669014935204945
28,1.2514406357428263,0.3612085575750984,-0.2782438978951561,1.4329107883890024,-0.7961484010104943,1.531019361191853,-0.7728767038537466,-1.7842441382702714,0.3114016631557001,0.21995714979653352,1.0961683484770994,-0.34222651552866495,0.6676886763583294,0.0037418237012137924,-2.051304663921377,1.2481670483798584,-0.006635229287743922,0.1658309087074469,0.574148460700212,0.04176777291693965,-0.8868100174539043,-1.3361296405719176,1.0020945376438473,0.3890320048021432,-0.3735541260133037,-0.20516287391311788,-1.2609975956054753,0.9466230370969758,0.0,-0.5100648835975439,0.9076504157869008,-1.2697328763869744,-1.2938593838393118,-0.4419720735184912,-0.08476673582031985,-0.3663580950442128,2.302285759599009,0.48106754563012644,0.09507791790319069,1.2547092225409064
29,1.062758368316679,-0.8086807955083561,-1.070092891453671,-0.05960119077073579,-0.07562737191422104,0.09336685934095293,0.14437567392424158,0.41169417446836565,0.6161084117922455,-1.0705909944912595,-0.868971487630712,1.5516756118117887,0.42861787667632967,0.0020399795269583037,-0.10036442983373746,-0.20310548866766975,1.6887739485939692,1.8848692600667067,-1.7808262312077359,1.9247329694200899,-1.0308173759036348,1.2395038801116613,-0.6337007963292495,1.8232368781507249,-0.676181878164454,-0.7249775280583333,0.7085682249272224,-0.27885650358720615,-0.5100648835975439,0.0,0.21441463752913434,-1.0205598163971419,-1.009336745464259,1.1787710537178813,-0.055579345471460914,0.3927629858976487,0.03683626775835474,-0.34729390536106713,-1.0221136123029508,-0.7664623542410393
30,-0.34202364850692657,1.4444216105469927,0.8070829074023171,0.7430321931402353,1.4223551845120281,-0.1006218177778371,0.13279616646718878,-1.1552267533573535,0.8233220961533695,-1.1040264513348002,-0.009708553322821905,0.7902727588727763,-1.5168018593206503,-0.4819682076929198,0.1056820600285016,1.0688462012555526,-0.4105468026287001,1.1027720460277926,-2.7013041086943095,-0.6095813054257051,0.0249718386052595,-0.174403972172654,0.7664457082450671,0.35487136481280834,-0.34283226631274877,-0.589925312873273,0.980435451940449,-0.22515336179538212,0.9076504157869008,0.21441463752913434,0.0,-0.497952080735238,-0.8244569250952122,-0.7635954165861715,-0.5871095856261628,-1.1412165918603197,-0.34009395633956296,1.375962969111424,0.6135744056946901,-0.5932230085124983
31,-0.9647781161203411,-1.216110423922587,-1.116405418626973,0.2968143962430045,1.3817891708451155,-1.0824447658133232,-1.1301265041164916,-1.48370670054465,0.538752360417438,0.07469893108230356,-1.8102485633735463,-0.33108090503839094,0.5072041029001183,1.081760554974134,-1.3402325587737869,-2.1688739990336305,-1.422520593595595,0.9571772175393034,0.9845538687856122,-0.20294275096977862,0.6896647651804169,0.8262344763472885,0.4176379353253583,-1.1131966927722468,0.8580019445418204,0.7222772772297661,1.6791918718402556,0.4357609818730965,-1.2697328763869744,-1.0205598163971419,-0.497952080735238,0.0,-0.22122687472962907,-0.007158655037938893,-1.2421494955925285,-0.2478685952826548,0.1236222327890804,0.9792141498288116,-1.2720908952374597,-0.9399645449325429
32,0.32361441659890416,-1.0675656878458049,1.043628473427956,-1.1645902083756285,-1.0948813905996064,0.05378998338232268,0.0475779361728992,-0.8562264268358343,1.1512989042618629,0.690225201961921,-1.2570386848011408,-0.5177748235186648,-0.6509694890554969,-0.3359928816853993,-0.3258755491834564,-0.19868870355419394,0.08381514329552836,1.4168492336084897,0.31370636783850353,-0.8318840132236124,-1.0605854128990757,0.7432335734657638,0.12346628565262913,0.6541524834124122,-1.1963018739408033,0.5432666066141335,1.1777872610110098,0.9662016929916204,-1.2938593838393118,-1.009336745464259,-0.8244569250952122,-0.22122687472962907,0.0,-1.8808591855370922,-0.15538177058605585,-1.06143944310863,0.09972150004700471,-0.6051310890754871,-1.1781532685133933,-1.001223035730244
33,-0.14371694106611224,-0.9079187468333898,-0.13626338286360754,0.3863645401973112,-0.06026680917045834,-0.6790951252454538,-0.35326984942918915,0.7542724900442075,-0.39837670956809595,0.5817815610550848,0.5086783603442476,0.225483147551309,0.6170053256895173,0.41098514760580396,-1.6506408948193165,-0.9196148640511144,0.5258228753904965,-0.07868387205703,2.073070162342551,0.3172105871470682,1.1365778995445281,-0.9464597566503969,0.10533436262347269,-0.11268144506675591,-0.7482878879763193,-0.14203288549328175,-0.7021553828916773,0.3900123052359208,-0.4419720735184912,1.1787710537178813,-0.7635954165861715,-0.007158655037938893,-1.8808591855370922,0.0,1.341989185354811,0.36593622565846645,0.6529567142839464,0.20303230610819803,-0.17488088297671792,-0.34102269388654716
34,0.8148936171064521,-1.156416983880051,0.6443889297353661,-2.2474912609079083,-0.9710179919833152,0.7369489804974292,-1.0500132604411296,1.27570287023417,-1.8347701031985053,0.6142950474336737,-0.4617361001631698,0.30914894788783176,-0.6195408220010568,0.36037329799960266,1.408496381360139,0.2648302003337788,-1.370785031144031,-0.5735756656449149,1.1653026319490536,1.3832386219120258,0.42753462536255377,-0.12140609443928435,-0.2813145969301744,1.6917707154308739,-2.0260077271344694,0.2627719731851677,-2.705421828373516,0.22657339246120278,-0.08476673582031985,-0.055579345471460914,-0.5871095856261628,-1.2421494955925285,-0.15538177058605585,1.341989185354811,0.0,-0.1195034038182627,1.2269440271780379,0.4300231490555055,0.08657635801509708,0.9099893803909623
35,-0.6783467424239726,-0.23686566883421836,0.41534848197759544,-0.5600733572013396,-0.6215328279948882,-0.627753045824329,0.7646286484680422,0.6299149346701941,-0.24396165605577916,-0.07664534646568096,-0.8818589352407913,-0.0489369687872296,0.624172312871587,1.7518928079403588,-0.6920745944409327,-0.5643218730334246,-0.9319315594206988,0.23161009309985892,-1.2616347118330287,1.3520394681466994,-0.7520751090736457,0.47682510513869886,0.5612295023220946,2.8352699127936054,1.5040582107002172,1.0750108704598098,0.5771241870501977,1.2659339060531785,-0.3663580950442128,0.3927629858976487,-1.1412165918603197,-0.2478685952826548,-1.06143944310863,0.36593622565846645,-0.1195034038182627,0.0,-0.6205754074506243,-0.9232129561937673,-0.3839172077196539,0.45602825024582183
36,0.6439729002153518,-0.47443758640907985,0.885190856003131,1.4496021502689975,2.782885413984231,-0.24713583014935403,-0.7318244044045987,-1.4141518604233374,-0.08744031734925828,0.1664748849287917,0.5246936554085161,-0.33211670452318803,2.0917437438423683,-1.7698870117857344,-0.9178739638235556,0.5538376171689167,0.045978098678655,1.1772034120437154,-0.4957650759580473,-1.278665246978828,-0.8503490559866277,-0.9617879792855799,0.12409447961352409,0.7782077941119181,-1.8566100198054374,0.48407640303652205,-0.6281464384682115,-0.36831441440437473,2.302285759599009,0.03683626775835474,-0.34009395633956296,0.1236222327890804,0.09972150004700471,0.6529567142839464,1.2269440271780379,-0.6205754074506243,0.0,-0.20277410353606523,0.30643670154824293,1.3691320209458766
37,-2.029971228788141,-1.4354152492589978,-0.3196106748895248,0.3731142520247958,1.4312720446890066,-1.643380632653214,-0.29469484431541687,-1.411531922910047,1.3345878934397963,0.06566401235607773,-1.641036826116627,0.44364025787052347,0.3283447977707967,0.07534037189092344,1.367048622315266,-0.01151737112967594,0.8287902232606851,-0.6343625986315505,-0.12760695525016438,-1.0456219162686529,-0.7584951778789696,-1.1500435660270771,1.0019881479711628,-0.7862784756211872,0.8542787483495429,-0.25432746239047477,0.6935652487230446,0.40091707095772183,0.48106754563012644,-0.34729390536106713,1.375962969111424,0.9792141498288116,-0.6051310890754871,0.20303230610819803,0.4300231490555055,-0.9232129561937673,-0.20277410353606523,0.0,0.856225510199596,0.080673731711926
38,0.747856508532663,-0.3922320873898983,-0.27537433497183406,1.6214739558783384,-0.5694152981205156,0.6808057332543033,0.03171885492918819,-0.12288013765617065,-0.07169232029287043,-0.9039018729790115,0.5939063409112134,-0.099884277289445,-1.5409685853927608,0.9013444666733068,-0.07608613253380815,-0.8038322886676043,0.7948479746594558,-0.6339313180594682,-0.2815431456343295,1.251156466852473,-1.5922316495129711,0.8040693354112303,1.2773482396408637,-1.8582602996780373,0.2864148203969671,0.4107615086640455,-1.4616352295748973,-0.4434833082339324,0.09507791790319069,-1.0221136123029508,0.6135744056946901,-1.2720908952374597,-1.1781532685133933,-0.17488088297671792,0.08657635801509708,-0.3839172077196539,0.30643670154824293,0.856225510199596,0.0,1.8617125699373567
39,1.252204201683912,2.671737027638695,1.0026751899803457,1.4504421818292805,-1.0899097266678006,2.5331651288211177,-0.3278243755242318,-0.4588406800152128,-2.312427541048575,1.214174848010366,-0.28870545549505494,0.10511653335221337,1.4780369079685884,-1.265087154278481,-0.37560629638723064,-0.060657363807616764,-1.0435863011463105,-0.20097128491436575,-1.391577077230566,0.1855742381067161,-0.832785118894343,0.03985048125291669,0.09668922041811698,0.17076329309886185,0.6525819297171292,1.1210513094217522,1.0291731255897179,-0.9669014935204945,1.2547092225409064,-0.7664623542410393,-0.5932230085124983,-0.9399645449325429,-1.001223035730244,-0.34102269388654716,0.9099893803909623,0.45602825024582183,1.3691320209458766,0.080673731711926,1.8617125699373567,0.0
